ATLAS CENTAUR 2
1 00694U 63047A   26189.55420894  .00000924  00000-0  10237-3 0  9993
2 00694  30.3514 239.9007 0545737  65.9521 299.7203 14.12556976148726
THOR AGENA D R/B
1 00733U 64002A   26189.99520425  .00000105  00000-0  54775-4 0  9995
2 00733  99.1153 209.9034 0031751 265.2211  94.5346 14.34074380255687
SL-3 R/B
1 00877U 64053B   26190.77533134  .00000072  00000-0  38321-4 0  9991
2 00877  65.0781 333.2806 0080432 254.0310 105.1918 14.61437742284635
SL-8 R/B
1 02802U 67045B   26190.22968813  .00000190  00000-0  59973-4 0  9998
2 02802  74.0113 121.0906 0063013  99.4220 261.4069 14.45693458106585
SL-8 R/B
1 03230U 68040B   26190.73446426  .00001898  00000-0  13987-3 0  9997
2 03230  74.0307  64.1753 0025371 213.4793 146.4793 15.03925469108359
OAO 2
1 03597U 68110A   26190.61273024  .00000120  00000-0  37489-4 0  9991
2 03597  34.9942 304.4649 0004837  94.7687 265.3556 14.47360601 36777
ISIS 1
1 03669U 69009A   26190.58587970  .00000053  00000-0  32127-4 0  9992
2 03669  88.4448 141.9397 1707034 202.9797 148.5125 11.30436107362300
SERT 2
1 04327U 70009A   26190.29099359 -.00000021  00000-0  27779-4 0  9996
2 04327  99.2841 126.8180 0004304 205.2504 308.8579 13.58740705796402
SL-3 R/B
1 05118U 71028B   26190.79671384  .00043341  00000-0  32845-3 0  9996
2 05118  81.2318 260.0029 0014465 200.7663 159.3010 15.72033174  7798
ASTEX 1
1 05560U 71089A   26189.93555354  .00000255  00000-0  64827-4 0  9999
2 05560  92.7002 190.8599 0017070  41.9260 318.3250 14.50868463879883
SL-8 R/B
1 05730U 71119B   26190.53292416  .00004720  00000-0  24231-3 0  9992
2 05730  73.8882 307.5695 0543014 249.0451 105.1799 14.39687236673018
OAO 3 (COPERNICUS)
1 06153U 72065A   26190.65790964  .00000183  00000-0  41747-4 0  9998
2 06153  35.0068 322.3686 0005915  76.3392 300.8650 14.60073044864031
ATLAS CENTAUR R/B
1 06155U 72065B   26190.77347288  .00000531  00000-0  75065-4 0  9997
2 06155  35.0024 310.1275 0034069 317.4446  42.3617 14.77961150859335
SL-8 R/B
1 08459U 75112B   26190.64678102  .00000142  00000-0  55429-4 0  9990
2 08459  74.0602 154.5551 0016396 218.3671 141.6318 14.38256104649407
SL-3 R/B
1 10114U 77057B   26190.77543514  .00008234  00000-0  15750-3 0  9995
2 10114  97.5850   8.4189 0006633 189.4146 170.6981 15.48336841687202
SEASAT 1
1 10967U 78064A   26189.95828949  .00000098  00000-0  65666-4 0  9998
2 10967 108.0184  19.9918 0001220 248.4135 111.6881 14.46257730524046
SL-14 R/B
1 11267U 79011B   26190.70928248  .00000361  00000-0  32965-4 0  9992
2 11267  82.5250 340.7787 0016292  15.3404 344.8306 14.92035036546976
SL-8 R/B
1 11574U 79089B   26190.67647889  .00000135  00000-0  48701-4 0  9997
2 11574  74.0670 225.2258 0015789   1.4940 358.6261 14.42413655453691
SL-14 R/B
1 11672U 80005B   26190.26590760  .00000384  00000-0  36088-4 0  9997
2 11672  82.5133 191.8959 0017177 115.5210 244.7787 14.91046808494604
SL-8 R/B
1 12139U 81003B   26190.68194237  .00013322  00000-0  31727-3 0  9990
2 12139  82.9371 176.8618 0250179 112.7897 249.9977 15.14933576333127
SL-3 R/B
1 12465U 81046B   26190.80077787  .00009418  00000-0  20023-3 0  9991
2 12465  81.2302 142.8182 0016076 317.6600  42.3402 15.44697234457269
SL-3 R/B
1 12904U 81103B   26190.79564912  .00002720  00000-0  11627-3 0  9991
2 12904  81.1579  70.0687 0011723 231.2830 128.7354 15.22464405991800
SL-3 R/B
1 13068U 82013B   26190.76009730  .00002436  00000-0  10194-3 0  9995
2 13068  81.1734  17.5571 0022772 125.9719 234.3630 15.22936713422923
SL-3 R/B
1 13154U 82039B   26190.82096450  .00002279  00000-0  13510-3 0  9991
2 13154  81.1503  74.9388 0027805 277.1152  82.6912 15.10678074400078
SL-3 R/B
1 13403U 82079B   26190.80573936  .00003561  00000-0  13634-3 0  9991
2 13403  81.1454  48.7287 0024937 110.9990 249.3915 15.25981759396313
SL-14 R/B
1 13553U 82092B   26189.93677943  .00000274  00000-0  27996-4 0  9992
2 13553  82.5668  27.9485 0018766 258.0486 223.8059 14.86762026346947
SL-3 R/B
1 13819U 83010B   26190.53180269  .00009906  00000-0  17674-3 0  9998
2 13819  81.1002 212.4325 0013768 344.7321  15.3508 15.49808923376797
SL-3 R/B
1 14208U 83075B   26190.80081624  .00007474  00000-0  18253-3 0  9999
2 14208  97.6108 200.2349 0021759 147.7919 212.4661 15.40910212348945
COSMOS 1536
1 14699U 84013A   26190.53488765  .00004180  00000-0  16435-3 0  9994
2 14699  82.5450 346.5814 0013401 208.6787 151.3715 15.25299877291182
SL-14 R/B
1 14820U 84027B   26190.30025630  .00000307  00000-0  32279-4 0  9990
2 14820  82.5429 130.9812 0016453 292.9894  66.9587 14.86076598265696
SL-8 R/B
1 15483U 85006B   26190.02099968  .00000116  00000-0  47310-4 0  9998
2 15483  74.0450  37.8842 0019265 281.8181 238.1093 14.37843035171460
SL-12 R/B(2)
1 15772U 85042D   26190.76466615  .00000049  00000-0  43341-4 0  9992
2 15772  71.1061 189.8150 0037223 294.1643 239.1518 14.22010239131747
SL-14 R/B
1 15945U 85069B   26190.18050145  .00000304  00000-0  31437-4 0  9993
2 15945  82.5268 270.6828 0019660 146.0848 214.1631 14.86532611190884
SL-16 R/B
1 16182U 85097B   26190.15130801 -.00000231  00000-0  91661-4 0  9998
2 16182  71.0014 244.8376 0005396  63.5586 326.9225 14.16612733104438
SL-14 R/B
1 16496U 86006B   26190.59477964  .00000321  00000-0  31319-4 0  9992
2 16496  82.5279 145.0270 0075068 227.6818 131.8024 14.86965523167327
COSMOS 1743
1 16719U 86034A   26190.29179406  .00047331  00000-0  40671-3 0  9990
2 16719  82.5274 305.1945 0005156 195.2214 164.8893 15.69134331199253
SL-14 R/B
1 16792U 86046B   26190.64813690  .00000325  00000-0  34480-4 0  9997
2 16792  82.4835 324.9511 0023026 181.1902 178.9264 14.85687878144511
SL-14 R/B
1 16882U 86055B   26190.76484374  .00000271  00000-0  28408-4 0  9996
2 16882  82.5198  11.9025 0017392 289.9187  80.7001 14.85737926137496
AJISAI (EGS)
1 16908U 86061A   26190.78686786 -.00000106  00000-0  61684-4 0  9996
2 16908  50.0098  77.9021 0011103 238.0674 213.1718 12.44516686483203
SL-14 R/B
1 17567U 87024B   26190.70453181  .00000307  00000-0  32128-4 0  9994
2 17567  82.5293 338.0842 0017364 212.5913 147.4233 14.86229136106259
COSMOS 1833
1 17589U 87027A   26189.91140605  .00000149  00000-0  10545-3 0  9998
2 17589  70.9211  71.2080 0023803  18.9278 341.2722 14.13064435 27440
SL-16 R/B
1 17590U 87027B   26189.95602452 -.00000224  00000-0  87378-4 0  9991
2 17590  71.0028  20.9546 0007134 288.5027  71.5321 14.17173871 32526
SL-14 R/B
1 17912U 87038B   26190.69496894  .00000275  00000-0  28953-4 0  9994
2 17912  82.5007 181.8706 0020641 119.0964 241.2323 14.85459084 97346
COSMOS 1844
1 17973U 87041A   26190.59410183  .00000263  00000-0  16157-3 0  9990
2 17973  70.8993 137.0434 0031676 203.1558 156.8138 14.14577977 20820
SL-14 R/B
1 18153U 87055B   26189.64009800  .00000254  00000-0  26379-4 0  9998
2 18153  82.4976 235.0057 0019909 337.7330  22.3020 14.85724484 87890
COSMOS 1867
1 18187U 87060A   26190.62842767 -.00000069  00000-0  11746-4 0  9995
2 18187  65.0120 325.2097 0017017 282.0549  77.8628 14.31518164 37399
SL-14 R/B
1 18749U 88001B   26190.78865156  .00000234  00000-0  24157-4 0  9992
2 18749  82.5127  80.5103 0017666 189.7106 170.3772 14.85624631 60150
COSMOS 1933
1 18958U 88020A   26190.24046879  .00003065  00000-0  14555-3 0  9994
2 18958  82.5136 130.5950 0005648 122.7796 237.3983 15.18864555 68678
SL-3 R/B
1 19046U 88032B   26190.80969291  .00002561  00000-0  11772-3 0  9998
2 19046  97.5267 173.8310 0025972 163.9388 196.2677 15.21006092 70667
SL-16 R/B
1 19120U 88039B   26190.66872438 -.00000110  00000-0  29201-4 0  9994
2 19120  71.0134 170.6202 0020892 158.3712 201.8301 14.19632014975699
COSMOS 1953
1 19210U 88050A   26189.99188834  .00004933  00000-0  16699-3 0  9993
2 19210  82.5066  36.0397 0012009  59.6074 300.6352 15.30278057 56326
SL-8 R/B
1 19257U 88053B   26189.63717395  .00000132  00000-0  51171-4 0  9990
2 19257  74.0464 249.5183 0019508  37.1846  76.7992 14.38976067993995
COSMOS 1975
1 19573U 88093A   26190.72569495  .00004695  00000-0  16208-3 0  9992
2 19573  82.5194 355.0242 0012562  99.2739 260.9923 15.29619324 38051
SL-14 R/B
1 19574U 88093B   26190.22002534  .00000284  00000-0  29796-4 0  9991
2 19574  82.5318 287.9609 0020546   0.4190  17.6988 14.85757728 19066
SL-16 R/B
1 19650U 88102B   26190.53758624 -.00000250  00000-0  10203-3 0  9995
2 19650  70.9989 255.1118 0014614 194.3850 165.6859 14.16168393944148
INTERCOSMOS 24
1 20261U 89080A   26190.01554163  .00000375  00000-0  10532-3 0  9998
2 20261  82.6046  25.4380 1187531  11.2877 351.2506 12.59689177682073
SL-14 R/B
1 20262U 89080C   26190.16221915  .00000062  00000-0  18361-4 0  9993
2 20262  82.5941  95.1891 1228495 267.0981  78.9225 12.50577707675338
DELTA 1 R/B
1 20323U 89089B   26190.01461083  .00000212  00000-0  60740-4 0  9991
2 20323  97.0635  18.0798 0070602  99.0691 261.8505 14.50745304913322
ARIANE 40 R/B
1 20443U 90005H   26189.72497734  .00000164  00000-0  65444-4 0  9994
2 20443  98.2948 246.6702 0009815 193.3144 166.7787 14.39938771910228
DELTA 2 R/B(1)
1 20453U 90008B   26189.92897498  .00080241  00000-0  50739-3 0  9995
2 20453  35.6001  89.8186 0061912 317.2568  42.3369 15.72614054945125
COSMOS 2058
1 20465U 90010A   26190.76759300  .00001579  00000-0  89905-4 0  9999
2 20465  82.4673 287.0862 0007850 273.1545  86.8787 15.12140458960683
SL-14 R/B
1 20466U 90010B   26190.35653204  .00000271  00000-0  29916-4 0  9995
2 20466  82.5031 153.1250 0018196 258.0804 101.8371 14.83660783946521
SL-14 R/B
1 20511U 90018B   26190.22147486  .00000282  00000-0  32342-4 0  9999
2 20511  82.5223 109.5139 0017412  55.2414 305.0437 14.82231639940584
HST
1 20580U 90037B   26189.72127744  .00004866  00000-0  15028-3 0  9997
2 20580  28.4736 293.3726 0001994  41.8079 318.2669 15.31013397791871
SL-16 R/B
1 20625U 90046B   26190.00383485 -.00000050  00000-0  14184-5 0  9992
2 20625  70.9983  43.1285 0012487 125.2782 234.9511 14.15022786865555
COSMOS 2084
1 20663U 90055A   26190.23639253  .00001201  00000-0  95316-4 0  9999
2 20663  62.7905 280.8289 0007370 312.2608  47.7867 15.06210349954620
SL-6 R/B(2)
1 20666U 90055D   26190.72095213  .00001171  00000-0  97249-4 0  9991
2 20666  62.7799 198.6917 0044265   8.2561 351.9257 15.04073794956547
SL-8 R/B
1 20775U 90078B   26189.91119699  .00016326  00000-0  46254-3 0  9998
2 20775  82.9023 141.9992 0344548 324.9410  32.9553 14.93408823827368
SL-8 R/B
1 21088U 91006B   26190.16330024  .00000057  00000-0  41523-4 0  9993
2 21088  82.9417  79.6847 0023696  56.5740  97.0694 13.77508388780792
OKEAN-3
1 21397U 91039A   26190.60564024  .00001388  00000-0  94687-4 0  9997
2 21397  82.5137 218.6398 0012010 275.7545  84.2313 15.05416567883376
COSMOS 2151
1 21422U 91042A   26190.80016317  .00001214  00000-0  94070-4 0  9993
2 21422  82.4977 325.8569 0012498  13.7135 346.4426 15.00504298881507
SL-14 R/B
1 21423U 91042B   26190.70534080  .00000223  00000-0  25192-4 0  9993
2 21423  82.4936 105.7799 0016490 195.1082 164.9642 14.81916187871149
ERS-1
1 21574U 91050A   26190.68519549  .00000154  00000-0  63975-4 0  9993
2 21574  98.7794 211.9326 0031553 198.2061 161.7999 14.39530485833281
ARIANE 40 R/B
1 21610U 91050F   26189.75318209  .00000185  00000-0  67634-4 0  9990
2 21610  98.1864 237.3288 0004370  75.3560 284.8115 14.42969614836452
INTERCOSMOS 25
1 21819U 91086A   26190.14997343  .00001125  00000-0  22158-3 0  9993
2 21819  82.6018 236.5193 1484277 214.9742 134.4497 12.12233409511409
SL-8 R/B
1 21876U 92008B   26190.69063948  .00000127  00000-0  11467-3 0  9998
2 21876  82.9267 177.0557 0035359 151.6373  21.7909 13.75982559726190
SL-8 R/B
1 21938U 92020B   26190.11263219  .00000022  00000-0  76120-5 0  9994
2 21938  82.9291  63.5702 0028231 321.2174 191.9018 13.75550322717822
USA 81
1 21949U 92023A   26190.55894800  .00000106  00000-0  31649-4 0  9992
2 21949  85.0056  61.0934 0002229  66.9776 293.1651 14.32403925112239
COSMOS 2219
1 22219U 92076A   26190.26063133 -.00000086  00000-0  20471-4 0  9995
2 22219  71.0616 123.9288 0017875   6.9103 353.2263 14.14110057735563
SL-16 R/B
1 22220U 92076B   26190.55641220  .00000180  00000-0  11353-3 0  9990
2 22220  71.0008 291.6595 0014986 269.2830 179.5704 14.16874871739099
COSMOS 2221
1 22236U 92080A   26190.67139620  .00001129  00000-0  96602-4 0  9996
2 22236  82.5041 162.2222 0015380 137.2141 223.0281 14.96593877799035
SL-16 R/B
1 22285U 92093B   26190.22063637 -.00000042  00000-0  26416-5 0  9990
2 22285  71.0224 109.1374 0002609 148.1428 211.9853 14.15467051730358
COSMOS 2228
1 22286U 92094A   26190.73766221  .00001233  00000-0  10286-3 0  9995
2 22286  82.5190 120.4432 0016054 249.2666 110.6836 14.97665025794329
SL-16 R/B
1 22566U 93016B   26190.62708409 -.00000097  00000-0  25504-4 0  9991
2 22566  71.0084 319.0751 0009031 148.0676 212.0995 14.15311517719424
COSMOS 2242
1 22626U 93024A   26190.64061883  .00001249  00000-0  10622-3 0  9990
2 22626  82.5195 150.0606 0014390 253.2769 106.6874 14.96973984798634
SL-16 R/B
1 22803U 93059B   26189.94631462 -.00000153  00000-0  51681-4 0  9997
2 22803  70.9907 115.4183 0016318  18.1304 342.0398 14.17251142696714
ARIANE 40 R/B
1 22830U 93061H   26190.20120709  .00000110  00000-0  56034-4 0  9997
2 22830  98.4808 256.5999 0009472 285.7966  74.2173 14.32917022711503
COSMOS 2278
1 23087U 94023A   26190.24168409 -.00000208  00000-0  83819-4 0  9994
2 23087  71.0534 280.7825 0009930 214.6545 145.3931 14.14394142661992
SL-16 R/B
1 23088U 94023B   26189.95083754 -.00000153  00000-0  54380-4 0  9990
2 23088  70.9977 176.2254 0001546 150.3353 209.7858 14.15024143663240
SL-16 R/B
1 23343U 94074B   26190.12436581  .00000276  00000-0  43425-4 0  9994
2 23343  97.6985 215.9305 0006665 172.8784 231.6966 14.79520997705206
SL-16 R/B
1 23405U 94077B   26190.73309817 -.00000290  00000-0  12372-3 0  9997
2 23405  70.9829  95.7312 0004058 307.6531  52.4223 14.15575812633504
ARIANE 40+ R/B
1 23561U 95021B   26190.14693453  .00000148  00000-0  60945-4 0  9998
2 23561  98.4402 259.9038 0007716 131.9982 258.0810 14.39845419636722
SL-16 R/B
1 23705U 95058B   26190.53395590 -.00000158  00000-0  56605-4 0  9992
2 23705  71.0217 284.4411 0014619 290.2162  69.7389 14.15508224585095
SL-16 R/B
1 24298U 96051B   26190.26865970  .00000132  00000-0  97896-4 0  9996
2 24298  70.7651 277.9186 0017330 305.8479  54.1031 14.12454199538812
ORBVIEW 2 (SEASTAR)
1 24883U 97037A   26190.74182676  .00000148  00000-0  67593-4 0  9997
2 24883  98.8708 358.3882 0003227  71.7834 288.3701 14.35565113525980
SL-16 R/B
1 25400U 98043G   26190.81487310  .00000014  00000-0  24840-4 0  9992
2 25400  98.8377 145.1702 0010324  26.3833 333.7870 14.26072208456390
SL-16 R/B
1 25407U 98045B   26190.20258191 -.00000190  00000-0  71870-4 0  9998
2 25407  71.0122 286.0308 0008478 214.9339 145.1229 14.16207407444309
ISS (ZARYA)
1 25544U 98067A   26190.70194686  .00005376  00000-0  10580-3 0  9997
2 25544  51.6304 188.6620 0006668 275.8666  84.1562 15.48959671575242
CZ-4B R/B
1 25732U 99025C   26190.07200595  .00000016  00000-0  28425-4 0  9992
2 25732  98.6473 231.3586 0036986 357.5197  31.3708 14.18287007405374
OKEAN-O
1 25860U 99039A   26190.11049683  .00000360  00000-0  53810-4 0  9991
2 25860  97.9304 248.6555 0001013  76.9524 283.1801 14.80492874452357
SL-16 R/B
1 25861U 99039B   26190.17944755  .00000312  00000-0  46184-4 0  9995
2 25861  97.9826 248.9786 0013881 218.8084 141.2133 14.81867008454855
DELTA 2 R/B
1 25876U 99041E   26189.69296282  .00001200  00000-0  23115-3 0  9999
2 25876  51.7612 177.8781 0501236 345.5594  13.1446 14.12066017380124
HELIOS 1B
1 25977U 99064A   26190.16731365  .00001013  00000-0  11657-3 0  9996
2 25977  98.1594  95.9417 0002188  61.3924 298.7512 14.88065492703323
TERRA
1 25994U 99068A   26190.27644859  .00000261  00000-0  62002-4 0  9997
2 25994  97.9444 238.9456 0003146 134.5499 298.5628 14.61120751412830
SL-16 R/B
1 26070U 00006B   26190.03751632 -.00000238  00000-0  96495-4 0  9997
2 26070  71.0003 202.6810 0016942 348.6607  11.4131 14.15839868365731
TITAN 4B R/B
1 26474U 00047B   26190.77631126  .00001700  00000-0  10945-3 0  9995
2 26474  67.9873  56.9844 0045965 264.1170  95.4739 15.10316820411348
ENVISAT
1 27386U 02009A   26190.65936079  .00000036  00000-0  25423-4 0  9999
2 27386  98.3845 141.4780 0001354  84.1623  89.0213 14.39069937276714
IDEFIX & ARIANE 42P R/B
1 27422U 02021B   26190.29324640  .00000128  00000-0  65339-4 0  9991
2 27422  98.5942 127.5372 0011523 183.7165 176.3934 14.31092144261412
AQUA
1 27424U 02022A   26190.84678780  .00000491  00000-0  10730-3 0  9999
2 27424  98.4291 160.5845 0000785 103.5476 343.2193 14.62192238286581
CZ-4B R/B
1 27432U 02024C   26190.60493661 -.00000002  00000-0  21925-4 0  9995
2 27432  98.8689 243.2782 0050756  37.7284  90.1973 14.14567746246477
MIDORI II (ADEOS-II)
1 27597U 02056A   26190.60848182  .00000147  00000-0  75585-4 0  9994
2 27597  98.7891 150.0604 0001706  47.5905 312.5420 14.29361303227712
H-2A R/B
1 27601U 02056E   26189.92532035  .00000152  00000-0  67520-4 0  9996
2 27601  98.3324 145.8088 0070503 159.4596 268.9584 14.33831655231484
CZ-4B R/B
1 28059U 03049C   26190.71693966  .00000165  00000-0  49457-4 0  9990
2 28059  98.6906 190.4613 0047323 218.2137 141.5701 14.55113787204345
CZ-2C R/B
1 28222U 04012C   26189.80327200  .00099446  00000-0  44522-3 0  9993
2 28222  97.7050 268.0571 0011127 210.2414 149.8213 15.83823781223316
SL-16 R/B
1 28353U 04021B   26190.64770066  .00000196  00000-0  12681-3 0  9999
2 28353  71.0023 336.5501 0006462 229.7295 130.3263 14.14615079140082
CZ-4B R/B
1 28415U 04035C   26190.68466212  .00005094  00000-0  17086-3 0  9998
2 28415  97.3363 223.5074 0028955 253.2571 106.5493 15.30942073198561
CZ-2C R/B
1 28480U 04046B   26190.20827633  .00000058  00000-0  36568-4 0  9990
2 28480  98.1926  97.6108 0139791 155.0214 205.7818 14.27031973125835
ARIANE 5 R/B
1 28499U 04049H   26190.76297155  .00000324  00000-0  42624-4 0  9990
2 28499  98.2737   3.8907 0082899 316.1224  43.3424 14.85475065163917
CZ-2D R/B
1 28738U 05024B   26189.62441742  .00050849  00000-0  38743-3 0  9999
2 28738  97.3477 210.1597 0001261 219.5546 140.5626 15.72109039158706
ALOS (DAICHI)
1 28931U 06002A   26190.82412380  .00000659  00000-0  11792-3 0  9990
2 28931  98.1335 146.3227 0000780  84.1885 275.9410 14.70095524 91429
H-2A R/B
1 28932U 06002B   26189.93617283  .00005483  00000-0  26202-3 0  9992
2 28932  98.2584 347.7399 0050425 187.2932 172.7573 15.18377997112825
RESURS-DK 1
1 29228U 06021A   26190.24541127  .00001215  00000-0  74140-4 0  9995
2 29228  69.9328 282.4503 0006782 277.8398  82.1999 15.13306588105917
CZ-4B R/B
1 29507U 06046C   26190.07373642  .00002944  00000-0  14663-3 0  9991
2 29507  97.5443 234.6133 0031986 203.5221 156.4552 15.17949695 78459
CZ-2C R/B
1 31114U 07010B   26190.25116606  .00000044  00000-0  39518-4 0  9991
2 31114  98.4114 297.5248 0057909 301.3979  58.1542 14.20280908996977
COSMO-SKYMED 1
1 31598U 07023A   26190.85880222  .00001457  00000-0  13118-3 0  9995
2 31598  97.8844  22.9064 0001060  95.8959 264.2383 14.97204164 33184
COSMOS 2428
1 31792U 07029A   26190.30281486  .00000160  00000-0  11159-3 0  9997
2 31792  70.9381 308.0425 0007173  92.6802 267.5140 14.12931440981270
SL-16 R/B
1 31793U 07029B   26190.23247236 -.00000120  00000-0  37305-4 0  9994
2 31793  70.9752 276.8873 0002128 257.7054 132.9035 14.14850784982564
KORONAS-FOTON
1 33504U 09003A   26190.79768631  .00009555  00000-0  19314-3 0  9997
2 33504  82.4294 148.6652 0012476  78.8517 281.4133 15.46211676964598
CZ-2C R/B
1 37731U 11030B   26189.85507238  .00000807  00000-0  10754-3 0  9995
2 37731  97.8665 144.8521 0051196 317.3058  95.9852 14.81523817808035
H-2A R/B
1 38341U 12025E   26190.56694862  .00001592  00000-0  14637-3 0  9994
2 38341  98.4848 167.5608 0042245 274.1610  85.4781 14.95827322766435
SHIJIAN-16 (SJ-16)
1 39358U 13057A   26190.82725429  .00000816  00000-0  81858-4 0  9990
2 39358  74.9735 313.8015 0016004 177.6412 182.4855 14.92660183689720
SL-4 R/B
1 39679U 14021B   26190.16083215  .00008482  00000-0  17579-3 0  9990
2 39679  51.6056 103.0868 0090064 186.3192 173.6665 15.42400194675006
ALOS-2
1 39766U 14029A   26190.86380984  .00000592  00000-0  86155-4 0  9996
2 39766  97.9220 287.7038 0001634  91.0180 269.1219 14.79474132654939
YAOGAN-29
1 41038U 15069A   26190.84694727  .00000480  00000-0  65523-4 0  9999
2 41038  98.0026 219.5144 0001155  21.9129 338.2134 14.83104574573988
ASTRO-H (HITOMI)
1 41337U 16012A   26190.30265058  .00001901  00000-0  10649-3 0  9999
2 41337  30.9998 291.3509 0009545 115.8775 244.2848 15.10617364570631
HXMT (HUIYAN)
1 42758U 17034A   26190.82674262  .00003419  00000-0  17131-3 0  9999
2 42758  43.0148  56.9617 0032696 288.0449  71.6838 15.18658088501103
SAOCOM 1A
1 43641U 18076A   26190.81955931  .00000897  00000-0  11929-3 0  9998
2 43641  97.8893  17.2396 0001493  84.7856 275.3528 14.82147351419458
H-2A R/B
1 43682U 18084L   26190.59328898  .00015641  00000-0  31968-3 0  9991
2 43682  98.8547  74.3921 0020792 321.3240  38.6514 15.46050581424582
SAOCOM 1B
1 46265U 20059A   26190.85080255 -.00000090  00000-0  47758-5 0  9996
2 46265  97.8897  16.3664 0001549  80.9928 279.1461 14.82154672316846
CSS (TIANHE)
1 48274U 21035A   26190.63828422  .00000907  00000-0  16026-4 0  9994
2 48274  41.4689 185.5127 0002646 282.7023  77.3519 15.58017701296677
COSMOS 2550
1 48865U 21056A   26190.84695274  .00000706  00000-0  27310-4 0  9998
2 48865  67.1431  31.3617 0008432 271.9793  88.0395 15.33790535282197
CZ-2C R/B
1 52794U 22058K   26189.98387498  .00031975  00000-0  33492-3 0  9995
2 52794  50.1859  49.9701 0030719 356.8972   3.1808 15.63480368229059
CZ-2C R/B
1 54039U 22132E   26189.97441786  .00051033  00000-0  35231-3 0  9992
2 54039  97.2895 198.0134 0010714   9.4182 350.7282 15.74351437209374
GSLV R/B
1 54149U 22138AN  26190.23907571  .00002182  00000-0  18438-3 0  9991
2 54149  87.3814 125.5791 0024040  71.8269 288.5577 14.97366438202118
XRISM
1 57800U 23137A   26190.23158471  .00002527  00000-0  13552-3 0  9990
2 57800  31.0009 216.7875 0007826 186.6493 173.4043 15.12644869156203
ACS3
1 59588U 24077B   26190.23072331  .00024318  00000-0  16933-1 0  9995
2 59588  97.1733 104.1292 0116499  43.6245 317.4061 13.95365546111114
SPACEMOBILE-003
1 61045U 24163A   26190.16707285  .00000490  00000-0  36598-4 0  9994
2 61045  52.9653 208.3642 0005456 177.5789 182.5233 15.20787211101119
SPACEMOBILE-005
1 61046U 24163B   26190.74201345  .00004552  00000-0  21851-3 0  9993
2 61046  52.9802 205.6616 0008751 178.6787 181.4232 15.20763652101196
SPACEMOBILE-001
1 61047U 24163C   26190.74045977  .00000707  00000-0  46335-4 0  9994
2 61047  52.9743 205.3844 0007489 177.9514 182.1512 15.20815426101194
SPACEMOBILE-002
1 61048U 24163D   26190.26443580  .00006272  00000-0  29469-3 0  9995
2 61048  52.9763 207.6126 0006640 175.9238 184.1811 15.20861316101120
SPACEMOBILE-004
1 61049U 24163E   26190.57554382 -.00014088  00000-0  61665-3 0  9992
2 61049  52.9654 205.9666 0008114 207.5207 152.5359 15.20814564101170
CZ-8A R/B
1 66004U 25231K   26190.62148448 -.00000046  00000-0  42065-4 0  9996
2 66004  50.0053 303.8718 0116507 302.9977  55.9785 14.30161155 38151
SZ-21 MODULE
1 66515U 25246C   26190.62853715  .00038903  00000-0  21899-3 0  9992
2 66515  41.4700 167.3519 0006956 182.2034 177.8782 15.78399650 37282
SPACEMOBILE-006
1 67232U 25309A   26189.16910173  .00000190  00000-0  24444-4 0  9995
2 67232  52.9947 235.5229 0010631 192.2291 167.8446 15.18644437 29788
SPACEMOBILE-008
1 69589U 26139A   26190.27299870  .00000479  00000-0  43934-4 0  9997
2 69589  52.9939 162.2948 0004747  42.3763 317.7594 15.12796930  3322
SPACEMOBILE-009
1 69590U 26139B   26189.94419122  .00000456  00000-0  42785-4 0  9993
2 69590  52.9929 163.7993 0004980  36.9056 323.2277 15.12689610  3272
SPACEMOBILE-010
1 69591U 26139C   26190.60738347  .00000292  00000-0  33614-4 0  9991
2 69591  52.9935 160.8181 0004902  29.8087 330.3182 15.12521494  3387
