DMSP 5D-3 F16 (USA 172) 
1 28054U 03048A   25339.97249840  .00000276  00000+0  16798-3 0  9997
2 28054  99.0050 357.3762 0006775 341.6265  41.7040 14.14420496142175
METEOSAT-9 (MSG-2)      
1 28912U 05049B   25339.86503977  .00000128  00000+0  00000+0 0  9996
2 28912   8.9234  56.0387 0004004 187.5839 188.3106  1.00272635  5062
DMSP 5D-3 F17 (USA 191) 
1 29522U 06050A   25339.98196670  .00000331  00000+0  19354-3 0  9990
2 29522  98.7393 345.5117 0009216 245.8155 114.2055 14.14915141985095
FENGYUN 3A              
1 32958U 08026A   25339.84836513  .00000242  00000+0  13516-3 0  9999
2 32958  98.6685 279.5205 0008234 331.6672  28.4056 14.19511232907972
GOES 14                 
1 35491U 09033A   25339.90593782 -.00000059  00000+0  00000+0 0  9995
2 35491   1.1805  85.4889 0004182 152.7205  54.5599  1.00272803  4653
DMSP 5D-3 F18 (USA 210) 
1 35951U 09057A   25339.93663369  .00000418  00000+0  23964-3 0  9990
2 35951  98.8826 316.3717 0012118  80.4296 279.8246 14.14762932832264
EWS-G2 (GOES 15)        
1 36411U 10008A   25339.89905681  .00000047  00000+0  00000+0 0  9991
2 36411   0.7962  86.0409 0006030 171.4967 202.5422  1.00268214 57702
COMS 1                  
1 36744U 10032A   25339.85129316 -.00000337  00000+0  00000+0 0  9999
2 36744   4.3237  78.0742 0001181 187.5416 243.9215  1.00271726 49157
FENGYUN 3B              
1 37214U 10059A   25339.96711870  .00000189  00000+0  12158-3 0  9990
2 37214  98.9918  19.8969 0022327  16.8972 102.4879 14.14786773780109
SUOMI NPP               
1 37849U 11061A   25339.92695458  .00000203  00000+0  11734-3 0  9993
2 37849  98.7762 277.3302 0002003 132.4085 227.7261 14.19511143731024
METEOSAT-10 (MSG-3)     
1 38552U 12035B   25339.92743127  .00000001  00000+0  00000+0 0  9990
2 38552   4.2122  61.7340 0000875 227.3166 119.9168  1.00272921 48915
METOP-B                 
1 38771U 12049A   25339.96490655  .00000284  00000+0  14991-3 0  9998
2 38771  98.6808  30.0383 0002613 159.2322 200.8962 14.21404492685816
INSAT-3D                
1 39216U 13038B   25339.88167987 -.00000330  00000+0  00000+0 0  9997
2 39216   1.4261  85.0666 0001774 158.7919 278.0131  1.00272643 45148
FENGYUN 3C              
1 39260U 13052A   25339.95973300  .00000230  00000+0  13798-3 0  9994
2 39260  98.4756 317.9704 0013945 216.3294 143.6935 14.15693196631221
METEOR-M 2              
1 40069U 14037A   25339.99051368  .00000283  00000+0  14868-3 0  9999
2 40069  98.4895 317.8341 0004778 231.8244 128.2504 14.21382459591872
HIMAWARI-8              
1 40267U 14060A   25339.88393323 -.00000266  00000+0  00000+0 0  9994
2 40267   0.0523 138.7124 0001357 149.6855 245.4256  1.00269784 40820
FENGYUN 2G              
1 40367U 14090A   25339.80447043 -.00000295  00000+0  00000+0 0  9991
2 40367   5.1497  75.1781 0003152 195.2891 193.6781  1.00266500 40068
METEOSAT-11 (MSG-4)     
1 40732U 15034A   25339.92925128  .00000070  00000+0  00000+0 0  9994
2 40732   2.7184  72.0214 0000997 118.7705 228.1275  1.00265352  5275
ELEKTRO-L 2             
1 41105U 15074A   25339.09280816 -.00000109  00000+0  00000+0 0  9993
2 41105   6.2057  72.9172 0004167 196.9759 183.1549  1.00271424 36567
INSAT-3DR               
1 41752U 16054A   25339.88794694 -.00000068  00000+0  00000+0 0  9995
2 41752   0.0749  87.8826 0014568 181.6070 199.1272  1.00269731 33889
HIMAWARI-9              
1 41836U 16064A   25339.66996296 -.00000264  00000+0  00000+0 0  9995
2 41836   0.0132  58.9298 0001974 241.9648 155.7705  1.00271955 33271
GOES 16                 
1 41866U 16071A   25339.90663116 -.00000082  00000+0  00000+0 0  9993
2 41866   0.0617 109.3908 0003532 149.3785  37.9024  1.00271223 33167
FENGYUN 4A              
1 41882U 16077A   25339.86657188 -.00000348  00000+0  00000+0 0  9999
2 41882   1.8308  82.4599 0005041 142.8916 285.3135  1.00276894 32990
CYGFM05                 
1 41884U 16078A   25339.70732694  .00029452  00000+0  55903-3 0  9993
2 41884  34.9591  93.0531 0009401 116.8148 243.3536 15.47251578498677
CYGFM04                 
1 41885U 16078B   25339.93440870  .00029575  00000+0  51086-3 0  9995
2 41885  34.9354  66.5436 0008614 148.2423 211.8819 15.49939576498884
CYGFM02                 
1 41886U 16078C   25339.93807874  .00031761  00000+0  52224-3 0  9992
2 41886  34.9442  64.9325 0010348 147.7014 212.4344 15.51291349499017
CYGFM01                 
1 41887U 16078D   25339.76652149  .00030892  00000+0  57468-3 0  9996
2 41887  34.9423  95.0659 0008967 107.7777 252.3924 15.47824248498626
CYGFM08                 
1 41888U 16078E   25339.95658912  .00028831  00000+0  51415-3 0  9998
2 41888  34.9460  76.8947 0010778 135.6475 224.5112 15.49018099498882
CYGFM07                 
1 41890U 16078G   25339.96131159  .00029304  00000+0  51240-3 0  9993
2 41890  34.9479  65.8818 0009189 154.8160 205.3011 15.49591135498903
CYGFM03                 
1 41891U 16078H   25339.66831985  .00032908  00000+0  57748-3 0  9998
2 41891  34.9435  69.7162 0008383 138.0826 222.0539 15.49479952498834
FENGYUN 3D              
1 43010U 17072A   25339.97242315  .00000214  00000+0  12281-3 0  9993
2 43010  98.9885 306.1817 0000704 206.1370 153.9770 14.19680836417575
NOAA 20 (JPSS-1)        
1 43013U 17073A   25339.94182258  .00000181  00000+0  10662-3 0  9997
2 43013  98.7589 276.3133 0002099  96.8718 263.2697 14.19522852417054
GOES 17                 
1 43226U 18022A   25339.90966451 -.00000173  00000+0  00000+0 0  9992
2 43226   0.4412  89.2602 0003512 183.2356  40.4433  1.00270987 28480
FENGYUN 2H              
1 43491U 18050A   25339.87171315 -.00000122  00000+0  00000+0 0  9994
2 43491   2.5321  81.4064 0002939 164.5694 222.1234  1.00271271 27508
METOP-C                 
1 43689U 18087A   25339.92368948  .00000279  00000+0  14748-3 0  9999
2 43689  98.6939  37.7974 0001619  53.8046 306.3281 14.21507860367379
GEO-KOMPSAT-2A          
1 43823U 18100A   25339.88141987 -.00000334  00000+0  00000+0 0  9997
2 43823   0.0607 119.8643 0000346  71.2478 329.3973  1.00272052 25696
METEOR-M2 2             
1 44387U 19038A   25339.92258918  .00000319  00000+0  15822-3 0  9996
2 44387  98.8966 319.5683 0001015 161.9196 198.2019 14.24287020333783
ARKTIKA-M 1             
1 47719U 21016A   25335.11228744 -.00000012  00000+0  00000+0 0  9997
2 47719  63.1756  85.6045 7197470 269.0840  15.7076  2.00613156 34816
FENGYUN 3E              
1 49008U 21062A   25339.97984974  .00000076  00000+0  56323-4 0  9996
2 49008  98.7476 340.5812 0000654 309.8740  50.2379 14.19878671229161
GOES 18                 
1 51850U 22021A   25339.75758350  .00000107  00000+0  00000+0 0  9994
2 51850   0.0076 206.1196 0000733  80.8491 283.5654  1.00268817  4653
NOAA 21 (JPSS-2)        
1 54234U 22150A   25339.90641858  .00000195  00000+0  11348-3 0  9995
2 54234  98.7452 276.3003 0002453  50.8337 309.3057 14.19521201159127
METEOSAT-12 (MTG-I1)    
1 54743U 22170C   25339.92734461  .00000002  00000+0  00000+0 0  9993
2 54743   0.7216  30.4910 0001554 220.2018 157.8632  1.00274183 11042
TIANMU-1 03             
1 55973U 23039A   25339.93746607  .00022155  00000+0  54505-3 0  9996
2 55973  97.5107 142.4007 0004513  80.6785 279.4971 15.40625886151017
TIANMU-1 04             
1 55974U 23039B   25339.91838413  .00022199  00000+0  54013-3 0  9994
2 55974  97.5039 141.5750 0005226  76.7656 283.4173 15.40956895151018
TIANMU-1 05             
1 55975U 23039C   25339.97591518  .00021573  00000+0  53152-3 0  9991
2 55975  97.5086 142.1261 0004362  97.6491 262.5251 15.40586288151003
TIANMU-1 06             
1 55976U 23039D   25339.92079027  .00022214  00000+0  53962-3 0  9995
2 55976  97.5096 142.5290 0004707  93.2886 266.8899 15.41009777151014
FENGYUN 3G              
1 56232U 23055A   25339.96969838  .00043672  00000+0  68773-3 0  9998
2 56232  49.9948 262.3755 0009216 116.1337 244.0580 15.53045050149974
METEOR-M2 3             
1 57166U 23091A   25339.94623182  .00000075  00000+0  51404-4 0  9996
2 57166  98.6388  33.6040 0004277  27.3215 332.8188 14.24024829127015
TIANMU-1 07             
1 57399U 23101A   25339.91556432  .00011184  00000+0  41270-3 0  9998
2 57399  97.2884  29.9168 0005623  98.6284 261.5593 15.27922157132111
TIANMU-1 08             
1 57400U 23101B   25339.94792716  .00011350  00000+0  41881-3 0  9994
2 57400  97.2873  29.7477 0007536 102.7298 257.4785 15.27907775132116
TIANMU-1 09             
1 57401U 23101C   25339.93482986  .00011445  00000+0  42201-3 0  9991
2 57401  97.2829  29.2519 0006808 102.2305 257.9697 15.27932418132114
TIANMU-1 10             
1 57402U 23101D   25339.96900774  .00011826  00000+0  43592-3 0  9992
2 57402  97.2909  30.1281 0008531 103.0252 257.1941 15.27922752132110
FENGYUN 3F              
1 57490U 23111A   25339.89652676  .00000191  00000+0  11070-3 0  9996
2 57490  98.7094  48.3002 0000664  89.2392 270.8860 14.19890753121439
ARKTIKA-M 2             
1 58584U 23198A   25337.35716765  .00000224  00000+0  00000+0 0  9999
2 58584  63.2223 175.9121 6864250 268.1397  18.8420  2.00605176 14390
TIANMU-1 11             
1 58645U 23205A   25339.98660675  .00009664  00000+0  39574-3 0  9994
2 58645  97.3603 359.7292 0008555 337.2975  22.7883 15.24475440108065
TIANMU-1 12             
1 58646U 23205B   25339.94742951  .00010403  00000+0  42699-3 0  9994
2 58646  97.3591 359.4985 0006397 322.2070  37.8718 15.24388825108042
TIANMU-1 13             
1 58647U 23205C   25339.98112081  .00009491  00000+0  38977-3 0  9993
2 58647  97.3619 359.7296 0006189 298.1427  61.9184 15.24397137108049
TIANMU-1 14             
1 58648U 23205D   25339.96444666  .00009436  00000+0  38768-3 0  9996
2 58648  97.3551 359.0683 0007094 302.5614  57.4938 15.24380269108047
TIANMU-1 19             
1 58660U 23208A   25339.93275216  .00014426  00000+0  53577-3 0  9993
2 58660  97.4398  90.9848 0004092 283.5485  76.5298 15.27659931107783
TIANMU-1 20             
1 58661U 23208B   25339.92454956  .00014437  00000+0  51691-3 0  9990
2 58661  97.4335  91.4176 0006399 294.6136  65.4437 15.28852239107850
TIANMU-1 21             
1 58662U 23208C   25339.93478543  .00016612  00000+0  55072-3 0  9994
2 58662  97.4383  93.3059 0005926 288.7275  71.3322 15.31329872107954
TIANMU-1 22             
1 58663U 23208D   25339.93147374  .00013342  00000+0  49930-3 0  9993
2 58663  97.4391  91.0456 0002959 319.6838  40.4181 15.27427736107797
TIANMU-1 15             
1 58700U 24004A   25339.96054953  .00010184  00000+0  41631-3 0  9994
2 58700  97.4624 161.4547 0005585 326.3713  33.7170 15.24542086106319
TIANMU-1 16             
1 58701U 24004B   25339.94452878  .00010245  00000+0  42190-3 0  9990
2 58701  97.4562 160.8353 0004898 324.8459  35.2454 15.24293345106318
TIANMU-1 17             
1 58702U 24004C   25339.92932281  .00010944  00000+0  44990-3 0  9996
2 58702  97.4597 161.2267 0004143 328.6832  31.4158 15.24338425106303
TIANMU-1 18             
1 58703U 24004D   25339.91258691  .00010323  00000+0  42471-3 0  9995
2 58703  97.4615 161.4040 0003484 330.7500  29.3542 15.24329398106301
INSAT-3DS               
1 58990U 24033A   25339.93864350 -.00000147  00000+0  00000+0 0  9994
2 58990   0.0081  11.9149 0001751 251.0180 232.0619  1.00269670 45135
METEOR-M2 4             
1 59051U 24039A   25339.95219505  .00000089  00000+0  59380-4 0  9991
2 59051  98.6757 296.9678 0007416  17.6659 342.4776 14.22399605 91793
GOES 19                 
1 60133U 24119A   25339.91243786 -.00000239  00000+0  00000+0 0  9995
2 60133   0.0187 146.7323 0001434 152.9768  28.5465  1.00270239  5028
FENGYUN 3H              
1 65815U 25219A   25339.89349740  .00000205  00000+0  11703-3 0  9991
2 65815  98.6574 279.6329 0000613  76.1673 283.9572 14.19901681  9953
