TDRS 3
1 19548U 88091B   26190.32197634 -.00000293  00000-0  00000-0 0  9991
2 19548  12.5854 340.8502 0036932 355.6704  17.6136  1.00264882125619
FLTSATCOM 8 (USA 46)
1 20253U 89077A   26190.80759837 -.00000363  00000-0  00000-0 0  9991
2 20253  12.4150 351.0260 0003576  67.8059 285.2612  1.00265791260780
SKYNET 4C
1 20776U 90079A   26190.54224891 -.00000011  00000-0  00000-0 0  9993
2 20776  13.3312 349.6689 0003009 136.6119 221.9481  0.98576492   255
TDRS 5
1 21639U 91054B   26190.53360485  .00000088  00000-0  00000-0 0  9998
2 21639  14.0683 353.6083 0007288 256.9201  61.3404  1.00271353127935
TDRS 6
1 22314U 93003B   26190.86332351 -.00000293  00000-0  00000-0 0  9991
2 22314  14.1831 356.8885 0008000 183.3729  12.1505  1.00281718122632
UFO 2 (USA 95)
1 22787U 93056A   26190.64582617  .00000128  00000-0  00000-0 0  9997
2 22787  11.9050   3.4301 0002932   8.7106 176.6140  1.00267758118778
USA 99 (MILSTAR-1 1)
1 22988U 94009A   26190.61627270  .00000017  00000-0  00000-0 0  9998
2 22988  17.6587  27.4705 0001648 192.4177 169.3295  0.98720105 33171
UFO 4 (USA 108)
1 23467U 95003A   26190.74557347 -.00000016  00000-0  00000-0 0  9997
2 23467   9.6720  13.0316 0003118  92.7272 262.6228  1.00275242115170
TDRS 7
1 23613U 95035B   26189.91850285 -.00000235  00000-0  00000-0 0  9992
2 23613  13.3680 348.0392 0011665  84.6391 274.0497  1.00275556113466
USA 115 (MILSTAR-1 2)
1 23712U 95060A   26189.98068089 -.00000198  00000-0  00000-0 0  9998
2 23712  14.0803   3.5786 0006200 121.7206  64.6329  1.00271126 33106
INMARSAT 3-F1
1 23839U 96020A   26190.61661935  .00000029  00000-0  00000-0 0  9998
2 23839  10.6464  46.4257 0004268  81.6684 262.5447  0.99979165110477
INMARSAT 3-F2
1 24307U 96053A   26189.68256502 -.00000350  00000-0  00000-0 0  9998
2 24307   9.9042  53.7156 0006440  48.5386 198.3822  0.99994972109132
INMARSAT 3-F3
1 24674U 96070A   26190.28864119  .00000078  00000-0  00000-0 0  9997
2 24674  10.3648  49.4392 0003464  67.6778 293.9008  0.99992855108136
USA 134
1 25019U 97065A   26190.61783271 -.00000060  00000-0  00000-0 0  9994
2 25019  12.8095  21.5482 0002335 335.2545  40.7307  1.00272382 33187
INMARSAT 3-F5
1 25153U 98006B   26190.06590788 -.00000285  00000-0  00000-0 0  9996
2 25153   9.7392  53.0364 0004402  56.6184 147.0625  1.00275670104119
ABS-6
1 25924U 99053A   26190.26919753 -.00000106  00000-0  00000-0 0  9996
2 25924   0.0581 268.1940 0003174 176.7821  98.1460  1.00269337 98067
UFO 10 (USA 146)
1 25967U 99063A   26190.31086377 -.00000183  00000-0  00000-0 0  9992
2 25967   9.8558  27.0927 0001350  99.6644 249.4342  1.00273579 97569
ASIASTAR
1 26107U 00016A   26190.58966589 -.00000329  00000-0  00000-0 0  9992
2 26107   9.1788  57.9095 0003728  61.7931 125.0995  1.00274001 96149
USA 149 (DSP 20)
1 26356U 00024A   26190.28209541  .00000100  00000-0  00000-0 0  9998
2 26356  13.1863  11.6887 0001512 307.0482 265.2361  1.00279897 33138
TDRS 8
1 26388U 00034A   26190.58563852 -.00000194  00000-0  00000-0 0  9999
2 26388  12.7180  31.1293 0004315  32.1386 159.9179  1.00273432 95404
NSS-11
1 26554U 00059A   26190.74626682  .00000035  00000-0  00000-0 0  9993
2 26554   2.1817  81.1221 0002794  35.1810 256.0370  1.00272440 41512
USA 153
1 26575U 00065A   26190.50502772 -.00000321  00000-0  00000-0 0  9999
2 26575  11.6615  35.2310 0002069  60.9002 147.5451  1.00274203 33153
AMC-6
1 26580U 00067A   26190.75597352  .00000101  00000-0  00000-0 0  9997
2 26580   0.2067  83.5795 0003837  38.3478 302.8691  1.00270750 94115
USA 157 (MILSTAR-2 2)
1 26715U 01009A   26190.28355667  .00000114  00000-0  00000-0 0  9997
2 26715  11.5659  19.6195 0040524 178.9765  40.6054  1.00271798 33166
INTELSAT 902 (IS-902)
1 26900U 01039A   26190.32197634 -.00000275  00000-0  00000-0 0  9998
2 26900   6.1715  71.5125 0004423  33.4879 248.0640  1.00271871 90917
USA 164 (MILSTAR-2 3)
1 27168U 02001A   26190.71518259  .00000101  00000-0  00000-0 0  9995
2 27168  11.2053  21.7626 0098538   8.9450 173.3727  1.00275184 33184
INTELSAT 904 (IS-904)
1 27380U 02007A   26190.31581193 -.00000218  00000-0  00000-0 0  9990
2 27380   6.9721  68.9153 0005516  22.0874 278.4753  1.00272289 51989
DIRECTV 5 (TEMPO 1)
1 27426U 02023A   26190.65140912 -.00000049  00000-0  00000-0 0  9998
2 27426   4.9320  75.0292 0003060  38.0617 298.8951  1.00271015 88342
INTELSAT 905 (IS-905)
1 27438U 02027A   26190.75554020  .00000100  00000-0  00000-0 0  9992
2 27438   6.8070  69.5248 0003614  44.7572 308.2054  1.00272621 51586
GALAXY 3C (G-3C)
1 27445U 02030A   26190.55004896 -.00000143  00000-0  00000-0 0  9991
2 27445   3.7881  77.6857 0001578  37.8218 275.1722  1.00271205 46713
INTELSAT 906 (IS-906)
1 27513U 02041A   26190.79537830  .00000020  00000-0  00000-0 0  9997
2 27513   5.8582  72.6433 0003980  18.1602 187.3891  1.00272046 87252
NIMIQ 2
1 27632U 02062A   26190.61852603 -.00000065  00000-0  00000-0 0  9991
2 27632   9.4950  56.6558 0005332  51.3123 293.0688  1.00270181 44400
USA 167
1 27691U 03008A   26190.61609935  .00000007  00000-0  00000-0 0  9990
2 27691  11.0033  43.2018 0003274 310.7844  33.6457  1.00270661  6991
USA 169 (MILSTAR-2 4)
1 27711U 03012A   26189.88609895 -.00000193  00000-0  00000-0 0  9997
2 27711  12.3807  29.6584 0099658  10.0800 358.1984  1.00269507 33173
ASIASAT 4
1 27718U 03014A   26190.55391875 -.00000214  00000-0  00000-0 0  9992
2 27718   4.7597  75.4661 0002893  33.3310 165.6456  1.00271112 45527
HELLAS-SAT 2
1 27811U 03020A   26189.97822593 -.00000076  00000-0  00000-0 0  9999
2 27811   7.4056  67.6206 0003369  73.8949 127.5421  1.00271514 43067
THURAYA-2
1 27825U 03026A   26190.72012263  .00000130  00000-0  00000-0 0  9990
2 27825   8.8736  31.8737 0002733  21.2474 177.7766  1.00271510 84574
OPTUS C1
1 27831U 03028B   26190.57197406 -.00000145  00000-0  00000-0 0  9992
2 27831   6.9424  69.1353 0005270  37.2004 182.8185  1.00269882 53282
USA 170
1 27875U 03040A   26190.78750882  .00000129  00000-0  00000-0 0  9991
2 27875  10.5459  47.7285 0001828  81.1498 106.5506  1.00273629 33221
GALAXY 13 (HORIZONS-1)
1 27954U 03044A   26190.75302684  .00000144  00000-0  00000-0 0  9990
2 27954   1.4761  83.5771 0002163  20.5902 304.6155  1.00268932 46790
YAMAL 202
1 28089U 03053A   26190.50530843 -.00000073  00000-0  00000-0 0  9995
2 28089   6.3970  70.6673 0003408  35.4661 166.7683  1.00272269 82920
UFO 11 (USA 174)
1 28117U 03057A   26190.58381852 -.00000099  00000-0  00000-0 0  9991
2 28117   8.9499  33.7161 0002597  87.0640  92.5158  1.00270296 82679
USA 176 (DSP 22)
1 28158U 04004A   26190.32197634 -.00000292  00000-0  00000-0 0  9999
2 28158  12.0908  25.9002 0000967 284.5580  43.3837  1.00268066 33157
ABS-4 (MOBISAT-1)
1 28184U 04007A   26190.79477163  .00000046  00000-0  00000-0 0  9996
2 28184   6.0968  71.7319 0004615  37.0968 165.9451  1.00272038 52563
INTELSAT 10-02
1 28358U 04022A   26190.78248213  .00000001  00000-0  00000-0 0  9998
2 28358   0.0500 258.4147 0000519 332.1315 337.8615  1.00271793 80783
ANIK F2
1 28378U 04027A   26190.61817938 -.00000040  00000-0  00000-0 0  9997
2 28378   3.3424  79.1446 0003629  29.1084 290.7208  1.00271075 41489
AMC-15
1 28446U 04041A   26190.54805560 -.00000076  00000-0  00000-0 0  9998
2 28446   0.0289 310.7573 0002285 172.9196 256.0533  1.00271255 79523
NSS-10
1 28526U 05003A   26190.31642144 -.00000244  00000-0  00000-0 0  9995
2 28526   6.5018  70.1822 0002755  44.1272 249.4016  1.00270213 53374
INMARSAT 4-F1
1 28628U 05009A   26190.74670014  .00000040  00000-0  00000-0 0  9991
2 28628   5.1976  42.7761 0002584  72.8014 259.0201  1.00271478 77894
DIRECTV 8
1 28659U 05019A   26190.54528227  .00000014  00000-0  00000-0 0  9993
2 28659   0.0120  68.4861 0003041  53.6862 242.5607  1.00270333 77296
GALAXY 28 (G-28)
1 28702U 05022A   26190.77738029 -.00000191  00000-0  00000-0 0  9991
2 28702   3.3535  78.6539 0002123  33.5845  68.2295  1.00270313 52202
THAICOM 4
1 28786U 05028A   26190.80638502 -.00000350  00000-0  00000-0 0  9995
2 28786   0.3008  85.5726 0001481   8.7181 243.2439  1.00270793 52470
ANIK F1R
1 28868U 05036A   26190.34064001 -.00000065  00000-0  00000-0 0  9994
2 28868   4.3661  76.3044 0003833  23.6161 202.6901  1.00271406 46678
SYRACUSE 3A
1 28885U 05041B   26190.79198669  .00000137  00000-0  00000-0 0  9995
2 28885   4.6981  75.5630 0002741  26.2432 157.6519  1.00271723 75975
INMARSAT 4-F2
1 28899U 05044A   26190.81106506 -.00000253  00000-0  00000-0 0  9995
2 28899   5.1235  43.6494 0002898  59.0214 260.5450  1.00271241 75745
METEOSAT-9 (MSG-2)
1 28912U 05049B   26190.72046928  .00000128  00000-0  00000-0 0  9997
2 28912   9.4096  53.9401 0002053 358.7521 180.0106  1.00269654  7225
EUTELSAT 174A
1 28924U 05052A   26190.68030917  .00000017  00000-0  00000-0 0  9997
2 28924   4.2725  76.2481 0005837  34.7899 235.4497  1.00269964 52556
ECHOSTAR 10
1 28935U 06003A   26190.65229306 -.00000043  00000-0  00000-0 0  9995
2 28935   0.0425 296.4157 0001163 146.2393 329.5867  1.00272157 74683
SPAINSAT
1 28945U 06007A   26189.28884931 -.00000202  00000-0  00000-0 0  9995
2 28945   0.6147  86.1867 0004794  19.9088 253.9596  1.00271285 74425
JCSAT-5A
1 29045U 06010A   26190.80889838 -.00000316  00000-0  00000-0 0  9998
2 29045   1.1649  83.9695 0001735  17.9047 249.1095  1.00271984 73997
ASTRA 1KR
1 29055U 06012A   26190.71518259  .00000131  00000-0  00000-0 0  9991
2 29055   0.5289  83.1904 0003284  22.9171  98.0189  1.00273591 45924
GALAXY 16 (G-16)
1 29236U 06023A   26190.65986721 -.00000114  00000-0  00000-0 0  9992
2 29236   0.0329 121.6880 0002486 353.8825 310.5749  1.00271602 73196
EUTELSAT 33F
1 29270U 06032A   26190.78930001  .00000166  00000-0  00000-0 0  9990
2 29270   1.7171  81.9943 0003475  23.3937 139.5598  1.00269083 47537
JCSAT-3A
1 29272U 06033A   26190.80803169 -.00000333  00000-0  00000-0 0  9997
2 29272   0.0241 302.4765 0002499 182.7953 221.3605  1.00270679 47964
KOREASAT 5 (MUGUNGWHA 5)
1 29349U 06034A   26190.66250130 -.00000347  00000-0  00000-0 0  9996
2 29349   1.8400  82.7169 0001895  75.9739 120.4572  1.00269556 41547
DIRECTV 9S
1 29494U 06043A   26190.54883561 -.00000103  00000-0  00000-0 0  9994
2 29494   2.4753  80.6337 0005055  31.1120 272.1202  1.00270965 51609
OPTUS D1
1 29495U 06043B   26190.74150013 -.00000174  00000-0  00000-0 0  9994
2 29495   3.0897  79.3797 0003376  28.0022 239.2035  1.00270937 72342
BADR-4
1 29526U 06051A   26190.78956001  .00000166  00000-0  00000-0 0  9993
2 29526   2.0601  80.8765 0004917  29.2005 136.3357  1.00273810 51497
WILDBLUE-1
1 29643U 06054A   26190.65093170 -.00000039  00000-0  00000-0 0  9991
2 29643   2.8578  80.2025 0001264  36.0207 294.4950  1.00274051 54017
SKYNET 5A
1 30794U 07007B   26190.81413931 -.00000264  00000-0  00000-0 0  9998
2 30794   5.3562  73.4648 0003690  38.3593 204.2295  1.00271350 70928
ANIK F3
1 31102U 07009A   26190.54536894  .00000011  00000-0  00000-0 0  9997
2 31102   1.2522  83.5869 0002534  32.6844 248.8270  1.00271747 46786
ASTRA 1L
1 31306U 07016A   26190.77790029 -.00000173  00000-0  00000-0 0  9998
2 31306   1.3770  81.3910 0005296  31.2560  70.5990  1.00270914 45210
GALAXY 17 (G-17)
1 31307U 07016B   26190.76585358 -.00000197  00000-0  00000-0 0  9991
2 31307   3.0256  79.6152 0003609  30.1652   8.6040  1.00271321 70032
INTELSAT 11 (IS-11)
1 32253U 07044B   26190.78785549 -.00000015  00000-0  00000-0 0  9998
2 32253   3.6211  78.3957 0003959  98.5120  60.7918  0.99050314 68679
WGS F1 (USA 195)
1 32258U 07046A   26190.31642144 -.00000254  00000-0  00000-0 0  9992
2 32258   0.0140  73.5639 0000373 193.5437  91.5759  1.00262904 52552
SKYNET 5B
1 32294U 07056B   26190.78768214  .00000147  00000-0  00000-0 0  9991
2 32294   5.3079  73.2352 0003743  35.9010 127.2182  1.00272130 68422
ASTRA 4A
1 32299U 07057A   26190.78369546  .00000044  00000-0  00000-0 0  9998
2 32299   0.0379 291.5517 0002273 181.8275 101.2714  1.00269758 51877
HORIZONS-2
1 32388U 07063B   26190.76810691 -.00000243  00000-0  00000-0 0  9996
2 32388   2.6572  80.3490 0003636  16.5114  33.5680  1.00271114 68048
THURAYA-3
1 32404U 08001A   26190.71017007  .00000017  00000-0  00000-0 0  9991
2 32404   6.0256  35.8108 0002196  73.3221 137.8703  1.00270715 67718
THOR 5
1 32487U 08006A   26190.78256881  .00000003  00000-0  00000-0 0  9994
2 32487   0.0529 245.0715 0002342 231.0289  92.5877  1.00270386 67549
AMC-14
1 32708U 08011A   26189.01552826 -.00000140  00000-0  00000-0 0  9991
2 32708  24.0344  20.2686 0040084   8.0353 338.2081  1.00420348 68379
DIRECTV 11
1 32729U 08013A   26190.65952528 -.00000113  00000-0  00000-0 0  9991
2 32729   0.0371 212.2708 0000063 214.6798 358.8841  1.00269383 45811
ICO G1
1 32763U 08016A   26190.55048228 -.00000164  00000-0  00000-0 0  9990
2 32763   5.5259  36.0549 0002235  63.3111 293.4327  1.00273508 66764
VINASAT-1
1 32767U 08018A   26190.80881170 -.00000316  00000-0  00000-0 0  9994
2 32767   0.0416 282.6682 0001426 207.3817 220.8055  1.00270574 66812
STAR ONE C2
1 32768U 08018B   26190.76984027 -.00000265  00000-0  00000-0 0  9998
2 32768   1.2951  82.2511 0002772  44.9187  12.6633  1.00269745 66889
AMOS-3
1 32794U 08022A   26190.70461516  .00000053  00000-0  00000-0 0  9993
2 32794   0.5103  85.8985 0002914  81.8442  69.5415  1.00486496 82561
GALAXY 18 (G-18)
1 32951U 08024A   26190.75831353  .00000000  00000-0  00000-0 0  9997
2 32951   0.0222  29.3999 0002750  91.6983 316.5911  1.00269970 46076
ZHONGXING-9
1 33051U 08028A   26190.87228472 -.00000237  00000-0  00000-0 0  9991
2 33051   0.8232  85.0905 0003475  15.9946 233.1231  1.00271500 66260
SKYNET 5C
1 33055U 08030A   26190.30530887 -.00000130  00000-0  00000-0 0  9994
2 33055   3.8423  76.7778 0004236  43.2228 259.3357  1.00269811 66178
TURKSAT 3A
1 33056U 08030B   26190.71977595  .00000158  00000-0  00000-0 0  9990
2 33056   0.0196  61.9365 0004719  30.6934 136.1521  1.00273709 52589
ECHOSTAR 11
1 33207U 08035A   26190.62246308 -.00000046  00000-0  00000-0 0  9991
2 33207   1.0601  83.9227 0002322  10.6856 307.2444  1.00270500 51433
SUPERBIRD-C2
1 33274U 08038A   26190.80967838 -.00000296  00000-0  00000-0 0  9993
2 33274   2.4162  80.9824 0006159  37.1856 237.0655  1.00271390105959
INMARSAT 4-F3
1 33278U 08039A   26190.62069272 -.00000131  00000-0  00000-0 0  9991
2 33278   4.3122  31.6892 0002754  81.3440 299.9636  1.00271379 46772
NIMIQ 4
1 33373U 08044A   26190.76637359  .00000000  00000-0  00000-0 0  9999
2 33373   0.0296  57.9905 0002120  77.1638 346.4557  1.00266263 65214
GALAXY 19 (G-19)
1 33376U 08045A   26190.66151067 -.00000126  00000-0  00000-0 0  9999
2 33376   0.0549 251.6244 0002377 224.1277 312.9741  1.00272554 65127
ASTRA 1M
1 33436U 08057A   26190.78655549  .00000133  00000-0  00000-0 0  9993
2 33436   0.3515  82.7214 0004811  40.3970 107.1672  1.00273862 45963
EUTELSAT HOTBIRD 13C
1 33459U 08065A   26190.77270028 -.00000273  00000-0  00000-0 0  9997
2 33459   3.0052  78.9231 0003387  31.2614  45.3772  1.00272856 47576
EXPRESS-AM44
1 33595U 09007A   26190.85181218 -.00000081  00000-0  00000-0 0  9993
2 33595   3.5180  78.1243 0003857  24.4343 120.8592  1.00271224 52511
NSS-9
1 33749U 09008A   26190.74765350  .00000083  00000-0  00000-0 0  9999
2 33749   1.3169  82.4379 0001932  16.5162 280.9476  1.00270190 63743
TELSTAR 11N
1 34111U 09009A   26190.31642144 -.00000237  00000-0  00000-0 0  9994
2 34111   0.0288  77.6453 0002357  30.1744 255.8018  1.00272339 46464
WGS F2 (USA 204)
1 34713U 09017A   26190.70461516  .00000081  00000-0  00000-0 0  9992
2 34713   0.0175  26.5887 0000592 181.3198  30.8842  1.00269686 45840
SES-7 (PROTOSTAR 2)
1 34941U 09027A   26190.76016993 -.00000332  00000-0  00000-0 0  9997
2 34941   0.0170  51.0028 0001391 145.0507 113.5364  1.00269339 62850
MEASAT-3A
1 35362U 09032A   26190.74314681 -.00000098  00000-0  00000-0 0  9993
2 35362   0.0230  20.4678 0002778  82.8745 251.8647  1.00270581  8253
GOES 14
1 35491U 09033A   26190.80811837 -.00000342  00000-0  00000-0 0  9991
2 35491   1.7449  82.7629 0001931  38.1251 226.1824  1.00100949  6811
FM-5
1 35493U 09034A   26190.55178229 -.00000187  00000-0  00000-0 0  9994
2 35493   0.0356 273.9257 0000280  55.1794  70.8597  1.00271148 46860
TERRESTAR-1
1 35496U 09035A   26190.64932228 -.00000048  00000-0  00000-0 0  9991
2 35496   5.1914  48.7806 0002641  51.8352 309.7177  1.00272221 62367
ASIASAT 5
1 35696U 09042A   26190.80265834 -.00000294  00000-0  00000-0 0  9994
2 35696   0.0222 277.8950 0001559 176.6177 222.6330  1.00267174 61935
JCSAT-12 (JCSAT-RA)
1 35755U 09044A   26190.66631463 -.00000315  00000-0  00000-0 0  9995
2 35755   0.0434 277.5779 0001348 275.3138 106.6233  1.00271001 61838
OPTUS D3
1 35756U 09044B   26190.68586662 -.00000132  00000-0  00000-0 0  9995
2 35756   0.8875 268.2661 0003098 206.8627 215.5366  1.00269808 61793
NIMIQ 5
1 35873U 09050A   26190.55429565 -.00000244  00000-0  00000-0 0  9990
2 35873   0.0542 261.5262 0002595 205.0885 307.7155  1.00269697 61568
AMAZONAS 2
1 35942U 09054A   26190.76845359 -.00000248  00000-0  00000-0 0  9991
2 35942   1.8708  82.7610 0003193  27.5797  22.0129  1.00271805 61418
COMSATBW-1
1 35943U 09054B   26190.79520498  .00000037  00000-0  00000-0 0  9994
2 35943   0.0612 190.9042 0002785 274.9335 171.2229  1.00271158 61539
NSS-12
1 36032U 09058A   26190.70461516  .00000084  00000-0  00000-0 0  9996
2 36032   0.0481 282.5928 0004607 151.9062 163.8148  1.00268902 61147
THOR 6
1 36033U 09058B   26190.78256881  .00000002  00000-0  00000-0 0  9992
2 36033   0.0346 238.7816 0002270 264.5863  65.2168  1.00271195 61236
INTELSAT 14 (IS-14)
1 36097U 09064A   26190.48861354 -.00000261  00000-0  00000-0 0  9991
2 36097   0.0180  17.8839 0002154  92.7629 307.6886  1.00268814 60823
EUTELSAT 36B
1 36101U 09065A   26190.71017007  .00000124  00000-0  00000-0 0  9999
2 36101   0.5448  81.2887 0005786  28.7172 123.7768  1.00271665 60931
INTELSAT 15 (IS-15)
1 36106U 09067A   26190.79962500 -.00000173  00000-0  00000-0 0  9996
2 36106   0.0141  43.1894 0002152  72.1914 185.3683  1.00271732 41458
WGS F3 (USA 211)
1 36108U 09068A   26190.71272241  .00000077  00000-0  00000-0 0  9999
2 36108   0.3017  85.6312 0000444  97.8258 230.7894  1.00268198 46814
DIRECTV 12
1 36131U 09075A   26190.65679866 -.00000090  00000-0  00000-0 0  9996
2 36131   0.0308 174.1849 0000191  57.6561 189.4642  1.00268784 46776
BEIDOU-2 G1
1 36287U 10001A   26190.59668591 -.00000272  00000-0  00000-0 0  9997
2 36287   4.3425  60.3292 0001553 296.0638 286.3711  1.00268018 60398
SDO
1 36395U 10005A   26190.29623794 -.00000089  00000-0  00000-0 0  9990
2 36395  34.6945  86.0076 0001880  60.2380 145.3020  1.00269380 60282
INTELSAT 16 (IS-16)
1 36397U 10006A   26190.76750024 -.00000232  00000-0  00000-0 0  9992
2 36397   0.0107 357.9428 0002276 132.7631 357.0931  1.00271814 59888
EWS-G2 (GOES 15)
1 36411U 10008A   26190.79529163  .00000033  00000-0  00000-0 0  9990
2 36411   1.3366  82.5328 0005225  52.2028 142.6761  1.00268011 59861
ECHOSTAR 14
1 36499U 10010A   26190.54528227  .00000012  00000-0  00000-0 0  9999
2 36499   0.0492 261.0226 0002333 198.5590 265.2979  1.00279863 46775
SES-1
1 36516U 10016A   26190.54883561 -.00000101  00000-0  00000-0 0  9990
2 36516   0.0481 280.7662 0002510 184.8499 278.4410  1.00270490 59258
ASTRA 3B
1 36581U 10021A   26190.78733549  .00000148  00000-0  00000-0 0  9994
2 36581   1.5266  83.2818 0004280  21.0760 130.3110  1.00274523 59091
COMSATBW-2
1 36582U 10021B   26190.78534213  .00000101  00000-0  00000-0 0  9991
2 36582   0.0442 131.7973 0002397 355.0948  96.7545  1.00272092 59184
BEIDOU-2 G3
1 36590U 10024A   26190.65591883 -.00000126  00000-0  00000-0 0  9993
2 36590   4.5654  61.4124 0007311 359.3723 182.5570  1.00269449 58995
BADR-5
1 36592U 10025A   26190.71743595  .00000166  00000-0  00000-0 0  9995
2 36592   0.0416 133.2586 0005376  61.4037  21.7511  1.00275533 53447
COMS 1
1 36744U 10032A   26189.35480981 -.00000198  00000-0  00000-0 0  9993
2 36744   4.8563  75.1008 0011360  14.7290 313.4314  0.99169315 51296
ARABSAT-5A
1 36745U 10032B   26190.71743595  .00000166  00000-0  00000-0 0  9993
2 36745   0.0989  63.7800 0005650  54.8156  97.8050  1.00271507 58872
ECHOSTAR 15
1 36792U 10034A   26190.54528227  .00000013  00000-0  00000-0 0  9992
2 36792   0.0582 270.8681 0001992 174.2517 279.8455  1.00270701 58544
BEIDOU-2 IGSO-1
1 36828U 10036A   26188.62304566 -.00000058  00000-0  00000-0 0  9998
2 36828  54.3062 162.7756 0059224 225.1869 229.2421  1.00266308 58302
NILESAT 201
1 36830U 10037A   26190.63871947 -.00000045  00000-0  00000-0 0  9994
2 36830   0.0137  80.9085 0005450  54.9513  14.6641  1.00271690 58601
RASCOM-QAF 1R
1 36831U 10037B   26190.78326213  .00000031  00000-0  00000-0 0  9996
2 36831   0.0212  74.5376 0006467  25.3292 112.7024  1.00272121 58530
AEHF-1 (USA 214)
1 36868U 10039A   26189.87336187  .00000155  00000-0  00000-0 0  9994
2 36868   8.2712  67.7607 0003790  36.1175 167.2761  1.00271653 53876
XM-5
1 37185U 10053A   26190.54606227 -.00000011  00000-0  00000-0 0  9996
2 37185   0.0626 268.1950 0002008 304.8583 155.8161  1.00279031 57701
BSAT-3B
1 37207U 10056B   26190.80447836 -.00000338  00000-0  00000-0 0  9994
2 37207   0.0623 232.8088 0002585 312.3293 142.0466  1.00270068 52325
BEIDOU-2 G4
1 37210U 10057A   26190.81444507 -.00000104  00000-0  00000-0 0  9993
2 37210   3.6993  68.8092 0005398 185.1343 126.9544  1.00270373 57510
SKYTERRA 1
1 37218U 10061A   26190.54883561 -.00000109  00000-0  00000-0 0  9998
2 37218   5.1701  50.8108 0002142  36.2565 296.6646  1.00270797 57414
HYLAS 1
1 37237U 10065A   26190.78768214  .00000157  00000-0  00000-0 0  9998
2 37237   5.6981  72.7388 0001169 144.1276  19.6162  1.00638336  7114
INTELSAT 17 (IS-17)
1 37238U 10065B   26190.79581163  .00000011  00000-0  00000-0 0  9995
2 37238   0.0143  86.3947 0002656  25.3168 168.4992  1.00271685 53472
BEIDOU-2 IGSO-2
1 37256U 10068A   26190.66146128 -.00000201  00000-0  00000-0 0  9994
2 37256  47.5066 271.5534 0056763 213.3417 149.1450  1.00275795 57022
EUTELSAT KA-SAT 9A
1 37258U 10069A   26190.78447546  .00000074  00000-0  00000-0 0  9995
2 37258   0.0598  11.5842 0004532 130.7828  76.7551  1.00271205 44235
HISPASAT 30W-5
1 37264U 10070A   26190.77677362 -.00000204  00000-0  00000-0 0  9990
2 37264   0.0257 139.1751 0005553 344.7093  53.4668  1.00271767 53419
KOREASAT 6
1 37265U 10070B   26190.74306013 -.00000099  00000-0  00000-0 0  9992
2 37265   0.0163 347.7048 0002468 135.6699 231.7037  1.00271833 56994
BEIDOU-2 IGSO-3
1 37384U 11013A   26190.51857615 -.00000172  00000-0  00000-0 0  9998
2 37384  62.4382  39.9419 0035198 183.2390 357.7550  1.00261852 55882
INTELSAT 28 (IS-28)
1 37392U 11016A   26190.77642696 -.00000214  00000-0  00000-0 0  9996
2 37392   1.8615  82.3419 0003719  36.2342  56.9206  1.00272476 53515
YAHSAT 1A
1 37393U 11016B   26190.71017007  .00000000  00000-0  00000-0 0  9995
2 37393   0.0259  48.8712 0003224  70.1028 116.8207  1.00269192 42632
SBIRS GEO-1 (USA 230)
1 37481U 11019A   26190.71017007  .00000108  00000-0  00000-0 0  9995
2 37481   4.5848  53.1092 0001946  47.2931 134.6977  1.00272410 55622
TELSTAR 14R
1 37602U 11021A   26190.77027360 -.00000268  00000-0  00000-0 0  9990
2 37602   0.0723  84.4114 0001779 356.1053  61.4947  1.00271488 56060
GSAT-8
1 37605U 11022A   26190.69906028  .00000095  00000-0  00000-0 0  9999
2 37605   2.1862  81.5519 0002605 165.9890 346.8275  1.00271398 53444
ST-2
1 37606U 11022B   26190.80014500  .00000000  00000-0  00000-0 0  9994
2 37606   0.0204  28.0049 0001447 101.1262 174.6515  1.00271860 55501
ZHONGXING-10
1 37677U 11026A   26190.87098471 -.00000177  00000-0  00000-0 0  9998
2 37677   1.1020  83.9648 0003431  20.5526 222.3458  1.00269583 55229
SES-3
1 37748U 11035A   26190.54848896 -.00000090  00000-0  00000-0 0  9999
2 37748   1.3815  82.8428 0001989  24.7939 274.3125  1.00271205 54812
KAZSAT-2
1 37749U 11035B   26190.79988500 -.00000185  00000-0  00000-0 0  9999
2 37749   0.0261 130.1186 0002036  39.8886 132.1929  1.00270287 53624
BEIDOU-2 IGSO-4
1 37763U 11038A   26189.92399286  .00000047  00000-0  00000-0 0  9994
2 37763  54.6042 165.4802 0160166 231.4337 316.7492  1.00281046 54865
ASTRA 1N
1 37775U 11041A   26190.78655549  .00000132  00000-0  00000-0 0  9999
2 37775   0.0721  31.0549 0005649  76.4235 122.6142  1.00268780 44754
BSAT-3C (JCSAT-110R)
1 37776U 11041B   26190.80447836 -.00000338  00000-0  00000-0 0  9990
2 37776   0.0331 306.8454 0000239 291.8354  88.6232  1.00269761 50696
PAKSAT-1R
1 37779U 11042A   26190.79025336  .00000165  00000-0  00000-0 0  9996
2 37779   0.7448  84.4006 0003242 348.1074 177.7661  1.00265543 54705
SES-2
1 37809U 11049A   26190.55160897 -.00000183  00000-0  00000-0 0  9994
2 37809   0.1128  91.9179 0002759  17.5614 289.5899  1.00271569 54183
ARABSAT-5C
1 37810U 11049B   26190.78664214  .00000135  00000-0  00000-0 0  9999
2 37810   0.0470   6.6857 0003430 117.6620 106.5649  1.00269069 54268
EUTELSAT 7 WEST A
1 37816U 11051A   26190.63871947 -.00000048  00000-0  00000-0 0  9999
2 37816   0.0671 334.4976 0004592 149.8839  25.8181  1.00270487 54103
QUETZSAT 1
1 37826U 11054A   26190.55360230 -.00000228  00000-0  00000-0 0  9992
2 37826   0.0132 336.5570 0002495 135.4053 297.8199  1.00269020 50093
INTELSAT 18 (IS-18)
1 37834U 11056A   26190.74704682  .00000065  00000-0  00000-0 0  9995
2 37834   0.0318 274.4085 0001491 211.4901 250.7095  1.00269336 54032
EUTELSAT 16A
1 37836U 11057A   26190.78586214  .00000116  00000-0  00000-0 0  9998
2 37836   0.0375   3.0783 0005829 101.9804 121.5481  1.00271747  7561
VIASAT-1
1 37843U 11059A   26190.61713699  .00000000  00000-0  00000-0 0  9991
2 37843   0.0247  27.7202 0001967  77.3090 289.5836  1.00268112 47541
ASIASAT 7
1 37933U 11069A   26190.80361168 -.00000321  00000-0  00000-0 0  9990
2 37933   0.0165  20.7510 0000997  75.0845 226.6694  1.00267299 45086
BEIDOU-2 IGSO-5
1 37948U 11073A   26183.72937883 -.00000128  00000-0  00000-0 0  9992
2 37948  47.6496 271.3544 0114527 222.0502 141.5350  1.00270596 53296
LUCH-5A
1 37951U 11074B   26190.49268877 -.00000044  00000-0  00000-0 0  9996
2 37951   8.8073  73.4794 0002569  56.6691 141.6112  1.00272597 53278
NIGCOMSAT 1R
1 38014U 11077A   26190.79112001  .00000157  00000-0  00000-0 0  9994
2 38014   0.0305 156.8435 0002359 189.2009 268.9934  1.00274285 53183
WGS F4 (USA 233)
1 38070U 12003A   26190.80023167  .00000000  00000-0  00000-0 0  9999
2 38070   0.0252  33.9367 0001051 124.5547 145.7294  1.00271183 44378
SES-4
1 38087U 12007A   26189.63776221 -.00000154  00000-0  00000-0 0  9997
2 38087   0.0204  53.7161 0002434  52.7745  27.6850  1.00269814 52444
BEIDOU-2 G5
1 38091U 12008A   26190.86561135  .00000066  00000-0  00000-0 0  9997
2 38091   3.6267  69.5566 0007378 271.5030 317.0597  1.00269077 52592
MUOS-1
1 38093U 12009A   26190.62034604 -.00000120  00000-0  00000-0 0  9992
2 38093   5.5207  47.1273 0057230   3.1662   0.6280  1.00272166 52674
INTELSAT 22 (IS-22)
1 38098U 12011A   26190.76572230  .00000000  00000-0  00000-0 0  9993
2 38098   0.0336  63.6144 0001882  67.4010 144.4268  1.00271065  7416
APSTAR-7
1 38107U 12013A   26190.69350262  .00000000  00000-0  00000-0 0  9997
2 38107   0.0235  56.7524 0002951  67.8562 129.1883  1.00270518 52037
YAHSAT 1B
1 38245U 12016A   26190.79216002  .00000139  00000-0  00000-0 0  9990
2 38245   0.0911  88.8518 0003634  46.5546 125.0852  1.00269134 45838
AEHF-2 (USA 235)
1 38254U 12019A   26190.30530887 -.00000127  00000-0  00000-0 0  9998
2 38254   6.7003  57.3238 0002206  50.1417 273.1827  1.00272672  7202
JCSAT-13
1 38331U 12023A   26190.82475075 -.00000344  00000-0  00000-0 0  9994
2 38331   0.0161  29.2724 0002871  97.6676 221.7346  1.00270519 51762
VINASAT-2
1 38332U 12023B   26190.80881170 -.00000317  00000-0  00000-0 0  9990
2 38332   0.0206 327.7134 0002201 148.1017 234.9427  1.00269966 46889
NIMIQ 6
1 38342U 12026A   26190.66381235 -.00000161  00000-0  00000-0 0  9992
2 38342   0.0178 312.2435 0002606 158.5015 324.7175  1.00271712 50631
ZHONGXING-2A
1 38352U 12028A   26190.01803483 -.00000280  00000-0  00000-0 0  9990
2 38352   1.5074  83.6240 0001646  26.9111 281.1678  1.00273625 51511
INTELSAT 19 (IS-19)
1 38356U 12030A   26190.74427346 -.00000044  00000-0  00000-0 0  9995
2 38356   0.0162  25.1612 0003122  95.8888 240.5671  1.00271574 50677
ECHOSTAR 17
1 38551U 12035A   26190.65433619 -.00000063  00000-0  00000-0 0  9998
2 38551   0.0022 104.3144 0001947   2.1541 309.5846  1.00270629 51287
METEOSAT-10 (MSG-3)
1 38552U 12035B   26190.78274213  .00000001  00000-0  00000-0 0  9997
2 38552   4.7222  60.9041 0001145  19.1415 129.5271  1.00269916 51089
SES-5
1 38652U 12036A   26190.64114615  .00000046  00000-0  00000-0 0  9992
2 38652   0.0440 320.3672 0001974 153.2887  49.7112  1.00271603 44688
INTELSAT 20 (IS-20)
1 38740U 12043A   26190.58243183 -.00000012  00000-0  00000-0 0  9998
2 38740   0.0110   8.3377 0002081 357.1790 200.1558  1.00272708 50976
HYLAS 2
1 38741U 12043B   26190.55429565 -.00000247  00000-0  00000-0 0  9996
2 38741   2.4819  80.7955 0002380  52.1911 281.4703  1.00272584 50992
INTELSAT 21 (IS-21)
1 38749U 12045A   26190.77122692  .00000000  00000-0  00000-0 0  9997
2 38749   0.0255  30.2344 0001718 102.7819  14.3242  1.00270362 50750
ASTRA 2F
1 38778U 12051A   26190.71700262  .00000163  00000-0  00000-0 0  9995
2 38778   0.0575 245.3815 0002823 298.7686  29.8674  1.00274884 41365
GSAT-10
1 38779U 12051B   26189.58723568 -.00000149  00000-0  00000-0 0  9998
2 38779   0.0370 245.6491 0007754 209.8848 125.3828  1.00268990 50312
INTELSAT 23 (IS-23)
1 38867U 12057A   26190.77218028 -.00000272  00000-0  00000-0 0  9992
2 38867   0.0137  32.9759 0000451 185.3196 294.3938  1.00269819 50181
BEIDOU-2 G6
1 38953U 12059A   26190.79927833 -.00000166  00000-0  00000-0 0  9995
2 38953   4.4749  73.2835 0008843 329.8622 256.2759  1.00268311 50138
LUCH-5B
1 38977U 12061A   26190.85085883 -.00000134  00000-0  00000-0 0  9996
2 38977  10.5292  49.6517 0003695 143.4563  24.7341  1.00271203 49837
YAMAL 300K
1 38978U 12061B   26190.60509264  .00000000  00000-0  00000-0 0  9995
2 38978   0.0176  36.1760 0000865 210.5911  81.5555  1.00269932 49859
STAR ONE C3
1 38991U 12062A   26190.76776024 -.00000237  00000-0  00000-0 0  9991
2 38991   0.0193  37.1637 0002236  87.1847   4.7661  1.00272094 49990
EUTELSAT 21B
1 38992U 12062B   26190.78698882  .00000142  00000-0  00000-0 0  9993
2 38992   0.0647   2.6164 0003240 106.5820 123.4144  1.00271548 50057
ECHOSTAR 16
1 39008U 12065A   26190.77027360 -.00000270  00000-0  00000-0 0  9994
2 39008   0.0185  40.6754 0002141  68.3408  34.4934  1.00271933 49870
ZHONGXING-12
1 39017U 12067A   26190.87133138 -.00000194  00000-0  00000-0 0  9993
2 39017   0.0223 107.2433 0002796 355.2652 226.4677  1.00270001 49739
EUTELSAT 70B
1 39020U 12069A   26190.76572230 -.00000031  00000-0  00000-0 0  9997
2 39020   0.0616 348.5419 0003636 119.6188 165.6933  1.00270926 49738
YAMAL 402
1 39022U 12070A   26190.86491802  .00000097  00000-0  00000-0 0  9998
2 39022   1.3199  83.8756 0003617  24.2132 185.9807  1.00272652 49623
SKYNET 5D
1 39034U 12075A   26190.71017007  .00000111  00000-0  00000-0 0  9998
2 39034   0.0695 345.1794 0003664 138.4394 112.4691  1.00274377 49384
MEXSAT 3
1 39035U 12075B   26190.54614895 -.00000013  00000-0  00000-0 0  9990
2 39035   0.0296 272.2406 0000675 177.5757 279.4963  1.00275509  7274
TDRS 11
1 39070U 13004A   26190.74817350  .00000090  00000-0  00000-0 0  9999
2 39070   3.5538  31.6192 0004749  29.1952 321.9259  1.00277487 46916
AMAZONAS 3
1 39078U 13006A   26190.55672233 -.00000269  00000-0  00000-0 0  9996
2 39078   0.0578 233.4179 0003311 280.9055 272.5559  1.00268139 45133
AZERSPACE 1
1 39079U 13006B   26190.79181337  .00000145  00000-0  00000-0 0  9995
2 39079   0.0259 289.7654 0001908 219.4478 109.5649  1.00273195 49038
SBIRS GEO-2 (USA 241)
1 39120U 13011A   26190.55880234 -.00000277  00000-0  00000-0 0  9991
2 39120   4.5364  52.5146 0002015  49.3052 337.0372  1.00271700 48761
EUTELSAT 117 WEST A
1 39122U 13012A   26190.54571559  .00000000  00000-0  00000-0 0  9993
2 39122   0.0114  23.4132 0002682  91.2704 252.4444  1.00271751 48653
ANIK G1
1 39127U 13014A   26190.65433619 -.00000061  00000-0  00000-0 0  9994
2 39127   0.0507 261.9696 0001667 217.9242 295.9495  1.00271279 48477
ZHONGXING-11
1 39157U 13020A   26190.85580685 -.00000278  00000-0  00000-0 0  9992
2 39157   0.0221  38.3224 0002301  45.6623 249.8097  1.00271349 48127
EUTELSAT 7B
1 39163U 13022A   26190.78412881  .00000060  00000-0  00000-0 0  9993
2 39163   0.0641   1.2842 0003667  45.4220 170.2869  1.00271676 48174
WGS F5 (USA 243)
1 39168U 13024A   26190.77235360  .00000000  00000-0  00000-0 0  9998
2 39168   0.0240  31.1082 0000378 205.0729 277.0672  1.00269421 47404
SES-6
1 39172U 13026A   26190.77469361 -.00000249  00000-0  00000-0 0  9991
2 39172   0.0167  16.7074 0002344  88.4870  60.8878  1.00269380 47952
IRNSS-1A
1 39199U 13034A   26188.72632976  .00000061  00000-0  00000-0 0  9996
2 39199  35.7641  63.5758 0017576 183.3679 355.4225  1.00281056 47578
MUOS-2
1 39206U 13036A   26190.74557347 -.00000005  00000-0  00000-0 0  9999
2 39206   5.0391  45.5544 0052293 176.4416 146.0338  1.00271477 47417
ALPHASAT
1 39215U 13038A   26190.78759549  .00000144  00000-0  00000-0 0  9996
2 39215   2.9991   1.1769 0002132 132.2888 102.6561  1.00269384 44244
INSAT-3D
1 39216U 13038B   26190.80837838 -.00000328  00000-0  00000-0 0  9993
2 39216   1.9813  82.2565 0000505  75.1712 190.8571  1.00271157 47305
WGS F6 (USA 244)
1 39222U 13041A   26190.75597352  .00000101  00000-0  00000-0 0  9990
2 39222   0.0031  97.3834 0001554 127.9323 199.3510  1.00271746 46286
ES'HAIL 1
1 39233U 13044A   26190.78776882  .00000156  00000-0  00000-0 0  9995
2 39233   0.0471   7.8994 0002203 105.1054 123.8126  1.00273021 46856
GSAT-7
1 39234U 13044B   26190.76572230 -.00000064  00000-0  00000-0 0  9994
2 39234   0.1362  90.1106 0003112 177.9100   9.2908  1.00271198 45482
AMOS-4
1 39237U 13045A   26190.79555163  .00000020  00000-0  00000-0 0  9998
2 39237   0.0475 258.5050 0002333 176.7735 203.8557  1.00271909 47183
AEHF-3 (USA 246)
1 39256U 13050A   26190.24142264  .00000038  00000-0  00000-0 0  9998
2 39256   5.3468  66.9836 0088291 187.6965 355.1610  1.00269574 45870
ASTRA 2E
1 39285U 13056A   26190.71708927  .00000163  00000-0  00000-0 0  9991
2 39285   0.0854 306.9963 0002882 181.7284  85.5617  1.00266783 46648
FM-6
1 39360U 13058A   26190.61630381 -.00000003  00000-0  00000-0 0  9998
2 39360   0.0161  35.2506 0001241 140.9152 216.9067  1.00269395 46299
RADUGA-1M 3
1 39375U 13062A   26190.71838927  .00000160  00000-0  00000-0 0  9999
2 39375   6.0122  72.0649 0001796 269.8581 239.3395  1.00273093 46335
SES-8
1 39460U 13071A   26190.85580684 -.00000257  00000-0  00000-0 0  9991
2 39460   0.0511 264.5831 0002666 203.7223 222.5735  1.00271696 44656
INMARSAT 5-F1
1 39476U 13073A   26190.79511830  .00000040  00000-0  00000-0 0  9999
2 39476   0.0190  37.3680 0000363 248.4153 350.8178  1.00269384 45809
TKSAT-1 (TUPAC KATARI)
1 39481U 13075A   26190.55160897 -.00000182  00000-0  00000-0 0  9992
2 39481   0.0462 117.4978 0002432 353.5015 287.8734  1.00272474 45824
EXPRESS-AM5
1 39487U 13077A   26189.88367227 -.00000266  00000-0  00000-0 0  9993
2 39487   0.0245 284.0004 0000047 199.4179 261.5645  1.00270143 46572
GSAT-14
1 39498U 14001A   26190.79737166  .00000000  00000-0  00000-0 0  9993
2 39498   0.0179  31.8481 0001836 183.2299  73.6783  1.00270128 45609
THAICOM 6
1 39500U 14002A   26190.76572230 -.00000108  00000-0  00000-0 0  9994
2 39500   0.0392 125.1030 0004560 358.0567 158.6688  1.00268481 45689
TDRS 12
1 39504U 14004A   26190.77460696 -.00000260  00000-0  00000-0 0  9992
2 39504   3.9989  19.4382 0004201 203.6623 302.5668  1.00274390 44506
ABS-2
1 39508U 14006A   26190.76572230 -.00000073  00000-0  00000-0 0  9997
2 39508   0.0314 279.3674 0003378 176.2853 182.6178  1.00271118 45504
ATHENA-FIDUS
1 39509U 14006B   26190.79016669  .00000166  00000-0  00000-0 0  9992
2 39509   0.0160  87.4941 0001273  34.5413 127.9513  1.00273081 45314
TURKSAT 4A
1 39522U 14007A   26190.79103336  .00000158  00000-0  00000-0 0  9997
2 39522   0.0704 284.4665 0001077 328.8357   1.1756  1.00271446 45194
EXPRESS-AT1
1 39612U 14010A   26190.86691135  .00000010  00000-0  00000-0 0  9995
2 39612   0.3124  85.5385 0004496  52.6218 166.8998  1.00308543 45048
EXPRESS-AT2
1 39613U 14010B   26190.70461516  .00000091  00000-0  00000-0 0  9996
2 39613   0.0164 349.1166 0000396 287.1185 321.0593  1.00270921 44727
AMAZONAS 4A
1 39616U 14011A   26190.55420897 -.00000239  00000-0  00000-0 0  9995
2 39616   0.0611 204.6622 0004635 290.3311 278.0285  1.00271447 44932
ASTRA 5B
1 39617U 14011B   26190.78733549  .00000149  00000-0  00000-0 0  9991
2 39617   0.0636 312.6877 0001813 162.1983 119.7667  1.00271577 44892
IRNSS-1B
1 39635U 14017A   26190.71017007  .00000147  00000-0  00000-0 0  9992
2 39635  28.8843 240.0140 0022327 191.4588 166.9168  1.00274063 45014
LUCH-5V
1 39727U 14023A   26190.65886551 -.00000259  00000-0  00000-0 0  9997
2 39727   5.1849  69.5197 0002678  71.0216 118.8925  1.00266729 44582
KAZSAT-3
1 39728U 14023B   26190.79433830  .00000073  00000-0  00000-0 0  9994
2 39728   0.0098   8.1664 0000217 308.9600 315.0673  1.00272073 42686
EUTELSAT 3B
1 39773U 14030A   26190.78334881  .00000032  00000-0  00000-0 0  9992
2 39773   0.0619 347.6695 0004158 124.7978 100.3589  1.00269709 44292
ASIASAT 8 (AMOS-7)
1 40107U 14046A   26190.76016993 -.00000320  00000-0  00000-0 0  9992
2 40107   0.0121 330.4525 0001348 144.6724 191.5408  1.00270173102376
ASIASAT 6
1 40141U 14052A   26190.87772483  .00000000  00000-0  00000-0 0  9996
2 40141   0.0230  30.0825 0000821 137.0927 196.5254  1.00267669 43304
OPTUS 10
1 40146U 14054A   26190.81357839 -.00000135  00000-0  00000-0 0  9991
2 40146   0.1205  16.5711 0001931  93.5048 266.5575  1.00270649 43258
MEASAT-3B
1 40147U 14054B   26190.80083832 -.00000229  00000-0  00000-0 0  9994
2 40147   0.0339  39.0182 0003546  26.0083 242.5034  1.00271159 43130
HIMAWARI-8
1 40267U 14060A   26190.81054506 -.00000264  00000-0  00000-0 0  9990
2 40267   0.0307 288.6677 0000813 199.9206 231.6051  1.00269469 42981
IRNSS-1C
1 40269U 14061A   26190.79910499 -.00000156  00000-0  00000-0 0  9992
2 40269   6.5737  88.5012 0022148   4.8380 205.0895  1.00273205 42910
INTELSAT 30 (IS-30)
1 40271U 14062A   26190.55004896 -.00000138  00000-0  00000-0 0  9995
2 40271   0.0192  50.6126 0001431 330.1742   9.6671  1.00268950  7015
ARSAT 1
1 40272U 14062B   26190.26949816 -.00000246  00000-0  00000-0 0  9994
2 40272   0.0505 281.1701 0001738 185.5292 205.7240  1.00270703 42846
EUTELSAT 53A
1 40277U 14064A   26190.86448469  .00000110  00000-0  00000-0 0  9994
2 40277   0.0142 311.9680 0001705 247.5741  92.4707  1.00271728 41798
GSAT-16
1 40332U 14078A   26190.70461516  .00000097  00000-0  00000-0 0  9996
2 40332   0.0280 280.6170 0007338 170.9297 144.8250  1.00271685 42330
DIRECTV 14
1 40333U 14078B   26190.65986721 -.00000112  00000-0  00000-0 0  9990
2 40333   0.0093  16.7942 0000615 339.6259  69.4903  1.00268370 42267
YAMAL 401
1 40345U 14082A   26190.87185138 -.00000216  00000-0  00000-0 0  9990
2 40345   0.0136 208.0632 0000537 208.4811 275.0734  1.00269681 42140
ASTRA 2G
1 40364U 14089A   26190.71700262  .00000162  00000-0  00000-0 0  9991
2 40364   0.0465  11.1819 0004376  65.8019 136.9877  1.00272693 42191
FENGYUN 2G
1 40367U 14090A   26190.80719515 -.00000292  00000-0  00000-0 0  9992
2 40367   5.6923  72.5471 0004060 150.8370  94.3226  1.00262790 42220
MUOS-3
1 40374U 15002A   26190.77963365 -.00000121  00000-0  00000-0 0  9995
2 40374   4.5633  43.6119 0053152 177.4358 331.8091  1.00270062 41813
INMARSAT 5-F2
1 40384U 15005A   26190.48670686 -.00000272  00000-0  00000-0 0  9995
2 40384   0.0187  25.7753 0000197  45.2340 336.6210  1.00271836 41218
ABS-3A
1 40424U 15010A   26190.63958615  .00000000  00000-0  00000-0 0  9992
2 40424   0.0464  69.0537 0001605 349.2987  96.4772  1.00269018 41607
EUTELSAT 115 WEST B
1 40425U 15010B   26190.64889124 -.00000012  00000-0  00000-0 0  9996
2 40425   0.0152 177.1474 0000274 219.1003  10.0309  1.00272155 41602
EXPRESS-AM7
1 40505U 15012A   26190.79060001  .00000163  00000-0  00000-0 0  9994
2 40505   0.0155 344.5817 0002758 130.2280 137.5523  1.00267446 41233
BEIDOU-3S IGSO-1S
1 40549U 15019A   26183.80025122 -.00000190  00000-0  00000-0 0  9999
2 40549  49.1798 295.2769 0076861 219.1125 144.2493  1.00680073 41233
THOR 7
1 40613U 15022A   26190.64001948  .00000004  00000-0  00000-0 0  9998
2 40613   0.0087  71.0947 0002373  40.1172  46.1093  1.00270801 41040
TURKMENALEM52E/MONACOSAT
1 40617U 15023A   26190.71017007  .00000117  00000-0  00000-0 0  9999
2 40617   0.0157  74.3831 0002619  42.1649 118.7825  1.00269335 41076
DIRECTV 15
1 40663U 15026A   26190.65679866 -.00000089  00000-0  00000-0 0  9992
2 40663   0.0193  71.3039 0000195 248.8382 101.0195  1.00269341 40688
SKY MEXICO-1
1 40664U 15026B   26190.55325565 -.00000221  00000-0  00000-0 0  9994
2 40664   0.0166 351.3120 0002331 138.3356 278.2159  1.00271787 40672
METEOSAT-11 (MSG-4)
1 40732U 15034A   26190.78456213  .00000071  00000-0  00000-0 0  9991
2 40732   3.2564  70.9695 0002266 351.9064 156.5395  1.00270172  7447
STAR ONE C4
1 40733U 15034B   26190.55498897 -.00000252  00000-0  00000-0 0  9993
2 40733   0.0288 327.6701 0001447 117.8483 331.7773  1.00271219 40234
WGS F7 (USA 263)
1 40746U 15036A   26190.81739176  .00000000  00000-0  00000-0 0  9996
2 40746   0.0449  68.5942 0000749 141.0355 187.3674  1.00271965 40093
INTELSAT 34 (IS-34)
1 40874U 15039A   26190.84301373 -.00000273  00000-0  00000-0 0  9991
2 40874   0.0102  11.2350 0000275 338.3613 186.1659  1.00269513 39860
EUTELSAT 8 WEST B
1 40875U 15039B   26190.63854612 -.00000053  00000-0  00000-0 0  9994
2 40875   0.0622   1.8254 0003812 100.8158  46.8030  1.00271663 39888
GSAT-6
1 40880U 15041A   26190.65643882 -.00000149  00000-0  00000-0 0  9996
2 40880   1.9758  82.3174 0003193  19.7466 144.2984  1.00271515 39822
INMARSAT 5-F3
1 40882U 15042A   26190.81825843  .00000062  00000-0  00000-0 0  9999
2 40882   0.0189  36.5143 0000419 140.8451 224.5504  1.00271042 39798
MUOS-4
1 40887U 15044A   26190.72616852 -.00000084  00000-0  00000-0 0  9999
2 40887   4.3700  42.3558 0056694   3.3543 218.3583  1.00271297 39784
TJS-1
1 40892U 15046A   26190.81340507 -.00000144  00000-0  00000-0 0  9995
2 40892   0.3786  84.7912 0005031  16.0666 274.7186  1.00273446 39794
EXPRESS-AM8
1 40895U 15048A   26190.85120550 -.00000099  00000-0  00000-0 0  9997
2 40895   0.0179 301.9463 0000172  64.3363 213.9318  1.00270900 39576
BEIDOU-3S IGSO-2S
1 40938U 15053A   26190.65869215 -.00000103  00000-0  00000-0 0  9993
2 40938  49.1869 258.5151 0066136 192.8518 167.1461  1.00254643 39582
SKY MUSTER 1 (NBN1A)
1 40940U 15054A   26190.81045838 -.00000266  00000-0  00000-0 0  9992
2 40940   0.0162 351.9902 0001533 118.3218 249.4408  1.00271183 39481
ARSAT 2
1 40941U 15054B   26190.83798705 -.00000213  00000-0  00000-0 0  9995
2 40941   0.0470 280.4513 0001915 181.4865  46.5107  1.00271707 39531
MORELOS 3
1 40946U 15056A   26190.61774603 -.00000033  00000-0  00000-0 0  9999
2 40946   3.2053  15.6484 0000255  95.3295 285.8591  1.00272085 39512
APSTAR-9
1 40982U 15059A   26190.31185968 -.00000253  00000-0  00000-0 0  9993
2 40982   0.0150  14.2372 0003252 172.1968 355.0729  1.00268699 39347
TURKSAT 4B
1 40984U 15060A   26190.22232687  .00000000  00000-0  00000-0 0  9997
2 40984   0.0247  29.7733 0002327  88.7493 298.6428  1.00270182 39310
ZHONGXING-2C
1 41021U 15063A   26190.73196675 -.00000311  00000-0  00000-0 0  9991
2 41021   0.3282  88.9305 0008353  98.4269 107.2202  1.00267565 39205
GSAT-15
1 41028U 15065A   26190.85580684 -.00000246  00000-0  00000-0 0  9997
2 41028   0.0130 326.6098 0003700 123.3830 239.3918  1.00271558 39023
BADR-7 (ARABSAT-6B)
1 41029U 15065B   26190.78785549  .00000157  00000-0  00000-0 0  9997
2 41029   0.0393 210.0640 0004674 352.9789  34.2807  1.00271532 38994
LAOSAT 1
1 41034U 15067A   26190.66562131 -.00000330  00000-0  00000-0 0  9996
2 41034   0.0409 185.2846 0002308 233.1875 237.2751  1.00271326 39082
TELSTAR 12V
1 41036U 15068A   26190.77972030 -.00000106  00000-0  00000-0 0  9995
2 41036   0.0125 316.4246 0002138 160.0137  76.9821  1.00272067 38854
ELEKTRO-L 2
1 41105U 15074A   26189.42539329 -.00000107  00000-0  00000-0 0  9990
2 41105   6.7437  70.2631 0000693 230.4230 124.3160  1.00273098 38717
COSMOS 2513
1 41121U 15075A   26190.86994471 -.00000126  00000-0  00000-0 0  9993
2 41121   0.0630 106.2293 0002802 339.8712 235.1302  1.00271733 38773
EXPRESS-AMU1
1 41191U 15082A   26190.78982001  .00000168  00000-0  00000-0 0  9990
2 41191   0.0185  43.5095 0002361  73.6779 130.9504  1.00270937 38494
GAOFEN-4
1 41194U 15083A   26190.87495148 -.00000323  00000-0  00000-0 0  9999
2 41194   0.4123  83.8847 0004411 119.3271 145.2763  1.00269886 38754
BELINTERSAT-1
1 41238U 16001A   26190.71017007  .00000119  00000-0  00000-0 0  9998
2 41238   0.0256  96.2544 0001778 337.4751 161.0565  1.00272256 38466
IRNSS-1E
1 41241U 16003A   26189.78864986 -.00000309  00000-0  00000-0 0  9997
2 41241  33.2798  59.4366 0019240 178.8165  84.1076  1.00268624 38298
EUTELSAT 9B
1 41310U 16005A   26190.78447546  .00000074  00000-0  00000-0 0  9995
2 41310   0.0235  45.2153 0001127  48.8612 125.0591  1.00269013 38344
SES-9
1 41380U 16013A   26190.76016993 -.00000332  00000-0  00000-0 0  9995
2 41380   0.0162 327.9050 0002209 145.2687 196.4796  1.00267019 37669
EUTELSAT 65 WEST A
1 41382U 16014A   26190.84110705 -.00000264  00000-0  00000-0 0  9997
2 41382   0.0695 312.6625 0002089 157.5803  55.1503  1.00271287 37752
IRNSS-1F
1 41384U 16015A   26190.78921336  .00000165  00000-0  00000-0 0  9992
2 41384   5.4039  96.2682 0017393 183.5069 324.6440  1.00278591 37894
BEIDOU-2 IGSO-6
1 41434U 16021A   26177.11016981 -.00000145  00000-0  00000-0 0  9997
2 41434  60.2385  37.9495 0057558 231.0163 137.2672  1.00258926 37578
IRNSS-1G
1 41469U 16027A   26190.66579463 -.00000326  00000-0  00000-0 0  9996
2 41469   5.2494  96.9535 0005966   9.2807 190.7095  1.00273920 37408
JCSAT-2B
1 41471U 16028A   26190.81323174 -.00000153  00000-0  00000-0 0  9991
2 41471   0.0183  32.9167 0000817  82.9960 258.5988  1.00269787 37352
THAICOM 8
1 41552U 16031A   26190.76572230 -.00000109  00000-0  00000-0 0  9999
2 41552   0.0647  42.1401 0003096  30.4984 209.2152  1.00270867 36948
INTELSAT 31 (IS-31)
1 41581U 16035A   26190.55004896 -.00000138  00000-0  00000-0 0  9992
2 41581   0.0203 274.2843 0001069   6.7163 109.4498  1.00269863 36903
BEIDOU-2 G7
1 41586U 16037A   26190.66198130 -.00000341  00000-0  00000-0 0  9992
2 41586   1.7726  69.5133 0006074   6.8145 199.9992  1.00264599  7110
ABS-2A (MONGOLSAT-1)
1 41588U 16038A   26190.76572230  .00000000  00000-0  00000-0 0  9994
2 41588   0.0216  21.8686 0001130  52.1405 204.0610  1.00268447 36936
EUTELSAT 117 WEST B
1 41589U 16038B   26190.54571559  .00000001  00000-0  00000-0 0  9995
2 41589   0.0047 194.6561 0000483 271.3909 260.8989  1.00275906 36885
BRISAT
1 41591U 16039A   26190.18933765  .00000000  00000-0  00000-0 0  9999
2 41591   0.0181   9.7163 0001924  99.1174  36.9619  1.00270702 36838
ECHOSTAR 18
1 41592U 16039B   26190.84188705 -.00000270  00000-0  00000-0 0  9999
2 41592   0.0027  94.7555 0001364  24.3932  50.3448  1.00271087 36856
MUOS-5
1 41622U 16041A   26190.61913271 -.00000101  00000-0  00000-0 0  9998
2 41622   2.1575 302.0753 0199227 260.6431 202.5771  1.00271571 37311
TIANTONG-1 1
1 41725U 16048A   26190.01864149 -.00000306  00000-0  00000-0 0  9999
2 41725   3.8892  43.5702 0005091  55.7563 295.7516  1.00271854 36482
JCSAT-16
1 41729U 16050A   26190.81123838 -.00000239  00000-0  00000-0 0  9992
2 41729   0.0193  32.5455 0000876  90.8261 240.3645  1.00269753 36296
USA 270
1 41744U 16052A   26189.45328858 -.00000339  00000-0  00000-0 0  9999
2 41744   4.2508  76.9127 0009267 101.4411  37.4334  1.00271003 28344
USA 271
1 41745U 16052B   26188.73473646 -.00000278  00000-0  00000-0 0  9998
2 41745   4.2217  76.9947 0010955 166.6184  44.5685  1.00271212 28124
INTELSAT 36 (IS-36)
1 41747U 16053A   26188.80017598 -.00000012  00000-0  00000-0 0  9995
2 41747   0.0091  10.2892 0000975  27.8198 244.1989  1.00285795 36163
INSAT-3DR
1 41752U 16054A   26190.76572230 -.00000065  00000-0  00000-0 0  9997
2 41752   0.0554  89.0522 0010561 181.4566   6.8521  1.00272040 36046
GSAT-18
1 41793U 16060A   26190.76572230 -.00000064  00000-0  00000-0 0  9998
2 41793   0.0209  88.6060 0005363 348.7744 199.9470  1.00271174 35751
SKY MUSTER 2 (NBN1B)
1 41794U 16060B   26190.66882799  .00000000  00000-0  00000-0 0  9991
2 41794   0.0227  23.9157 0001367  96.5526 192.7015  1.00268632 35747
HIMAWARI-9
1 41836U 16064A   26190.81063171  .00000000  00000-0  00000-0 0  9994
2 41836   0.0222  38.2950 0002189 137.7770 184.2635  1.00271151 35431
SHIJIAN-17 (SJ-17)
1 41838U 16065A   26190.82273365  .00000110  00000-0  00000-0 0  9998
2 41838   5.8072  72.3301 0001887  46.2716 307.5005  0.99863387 35421
GOES 16
1 41866U 16071A   26190.61939271 -.00000078  00000-0  00000-0 0  9992
2 41866   0.3887  85.5442 0000536  91.0093 229.2970  1.00271434 35323
TIANLIAN 1-04
1 41869U 16072A   26190.81765176  .00000042  00000-0  00000-0 0  9999
2 41869   0.9252  82.7792 0043814  90.0854 226.0454  1.00270255 35529
WGS F8 (USA 272)
1 41879U 16075A   26190.59836301  .00000000  00000-0  00000-0 0  9991
2 41879   0.0495  65.0312 0000165 245.6925 342.0692  1.00267225 35044
FENGYUN 4A
1 41882U 16077A   26190.87850483 -.00000347  00000-0  00000-0 0  9990
2 41882   2.3764  80.0393 0008366 158.4443 129.3714  1.00271335 35155
ECHOSTAR 19
1 41893U 16079A   26190.66151067 -.00000126  00000-0  00000-0 0  9998
2 41893   0.0193  38.5789 0001211  71.3496 318.7131  1.00270021 34920
JCSAT-110A (JCSAT-15)
1 41903U 16082A   26190.73239147 -.00000338  00000-0  00000-0 0  9993
2 41903   0.0181  27.6709 0000507 114.2853 159.4386  1.00270393 34981
STAR ONE D1
1 41904U 16082B   26190.55221564  .00000000  00000-0  00000-0 0  9993
2 41904   0.0295  54.1592 0002300  72.4610 275.7016  1.00267234 34995
TJS-2
1 41911U 17001A   26190.79589830  .00000005  00000-0  00000-0 0  9997
2 41911   0.8884  85.0311 0000760 105.0861  90.6924  1.00269717 34941
SBIRS GEO-4 (USA 273)
1 41937U 17004A   26190.78698882  .00000137  00000-0  00000-0 0  9991
2 41937   2.2845  43.8394 0002588  65.7388 122.9066  1.00283949 34827
HISPASAT 36W-1
1 41942U 17006A   26190.77556029 -.00000232  00000-0  00000-0 0  9991
2 41942   0.0118 288.8731 0001093 182.0150  60.0315  1.00271700 34470
TELKOM 3S
1 41944U 17007A   26190.66354130 -.00000350  00000-0  00000-0 0  9992
2 41944   0.0039 117.1316 0002130 356.2894 171.0360  1.00268654 34365
INTELSAT 32E (IS-32E)
1 41945U 17007B   26190.77417361  .00000000  00000-0  00000-0 0  9992
2 41945   0.0256  30.2371 0000363 226.8809 266.1101  1.00267675 34458
ECHOSTAR 23
1 42070U 17014A   26190.65229306 -.00000044  00000-0  00000-0 0  9996
2 42070   0.0025  97.9497 0001968  10.8992 303.6656  1.00270264 34143
WGS F9 (USA 275)
1 42075U 17016A   26190.63776612  .00000000  00000-0  00000-0 0  9999
2 42075   0.0202   7.6333 0000357 213.5835 283.9561  1.00269933 34125
SES-10
1 42432U 17017A   26189.55754756 -.00000258  00000-0  00000-0 0  9997
2 42432   0.0182  44.2893 0002617  67.0918 308.9449  1.00270497 33963
CHINASAT 16 (SJ-13)
1 42662U 17018A   26190.87590480 -.00000340  00000-0  00000-0 0  9994
2 42662   0.0908  89.0151 0004786 133.6343 131.0239  1.00270122 33977
KOREASAT 7
1 42691U 17023A   26190.66310795 -.00000349  00000-0  00000-0 0  9997
2 42691   0.0207  19.2305 0000719 116.4861 146.4656  1.00270239 33593
SGDC
1 42692U 17023B   26189.41252458  .00000000  00000-0  00000-0 0  9993
2 42692   0.0275  28.5713 0002393  87.7965 243.6568  1.00269305 33628
GSAT-9
1 42695U 17024A   26190.85580684 -.00000274  00000-0  00000-0 0  9996
2 42695   0.0739  91.9379 0002271  26.7200 214.5279  1.00269761 33529
INMARSAT 5-F4
1 42698U 17025A   26189.84767019  .00000000  00000-0  00000-0 0  9992
2 42698   0.0260  36.7187 0000561 195.5889  56.1650  1.00273271 33493
SES-15
1 42709U 17026A   26190.28015922  .00000073  00000-0  00000-0 0  9995
2 42709   0.0249 323.7034 0000933 189.4272 105.7907  1.00272478  7657
QZS-2 (MICHIBIKI-2)
1 42738U 17028A   26189.46758700 -.00000096  00000-0  00000-0 0  9991
2 42738  39.3957 242.8399 0758144 269.5205  84.7029  1.00278468  7842
VIASAT-2
1 42740U 17029A   26190.84015372 -.00000253  00000-0  00000-0 0  9995
2 42740   0.0213 298.5729 0000122 276.8154 304.9639  1.00270300 33435
EUTELSAT 172B
1 42741U 17029B   26190.81678507  .00000007  00000-0  00000-0 0  9994
2 42741   0.0305 126.8784 0000103  94.7125 172.2063  1.00271844 33965
GSAT-19
1 42747U 17031A   26190.79216002  .00000137  00000-0  00000-0 0  9992
2 42747   0.0247  85.9760 0006357 359.4255 175.3874  1.00272559 33370
ECHOSTAR 21
1 42749U 17032A   26190.78473546  .00000078  00000-0  00000-0 0  9996
2 42749   1.7701 357.1316 0002075 105.4830 117.8630  1.00271937 33322
BULGARIASAT-1
1 42801U 17038A   26190.78308881  .00000024  00000-0  00000-0 0  9991
2 42801   0.0128 308.3267 0003162 165.6758  97.5228  1.00272878 33078
HELLAS-SAT 3
1 42814U 17040A   26190.79042669  .00000165  00000-0  00000-0 0  9994
2 42814   0.0390  35.7890 0003372  37.6444 177.8557  1.00268680 33038
GSAT-17
1 42815U 17040B   26190.85580684 -.00000246  00000-0  00000-0 0  9997
2 42815   0.0581  88.7359 0002045 168.9567  71.6735  1.00272143 33015
INTELSAT 35E (IS-35E)
1 42818U 17041A   26190.77590696  .00000000  00000-0  00000-0 0  9993
2 42818   0.0274  37.5728 0001573  72.9126  62.0634  1.00269454 33045
COSMOS 2520
1 42907U 17046A   26190.79164002  .00000149  00000-0  00000-0 0  9991
2 42907   0.0349 105.3541 0000468  10.7821 141.5702  1.00271534 32622
TDRS 13
1 42915U 17047A   26190.64204324 -.00000089  00000-0  00000-0 0  9991
2 42915   3.4574   3.2605 0014829 110.9327  33.1149  1.00271625 32571
QZS-3 (MICHIBIKI-3)
1 42917U 17048A   26190.80785837 -.00000335  00000-0  00000-0 0  9999
2 42917   0.0748 219.4251 0002528 262.8418 223.3015  1.00274949 32485
AMAZONAS 5
1 42934U 17053A   26190.55680898 -.00000270  00000-0  00000-0 0  9995
2 42934   0.0333 322.5996 0001166 111.8422 352.5077  1.00271348 32260
ASIASAT 9
1 42942U 17057A   26190.66432131 -.00000347  00000-0  00000-0 0  9990
2 42942   0.0115  47.5299 0002412  56.7118 184.6097  1.00270996 32085
INTELSAT 37E (IS-37E)
1 42950U 17059A   26190.77920029 -.00000128  00000-0  00000-0 0  9998
2 42950   0.0183  43.5956 0002551  72.2298  74.4023  1.00270897 32299
BSAT-4A
1 42951U 17059B   26190.73239147 -.00000338  00000-0  00000-0 0  9992
2 42951   0.0329   5.3690 0003394  74.2797 221.5135  1.00270855 32029
QZS-4 (MICHIBIKI-4)
1 42965U 17062A   26190.74072012 -.00000315  00000-0  00000-0 0  9993
2 42965  40.0954 343.1995 0747415 268.4439  81.4735  1.00291716 32020
SES-11 (ECHOSTAR 105)
1 42967U 17063A   26190.54805560 -.00000076  00000-0  00000-0 0  9990
2 42967   0.0147  18.2645 0002590  93.5226 268.0430  1.00270761 31945
KOREASAT 5A
1 42984U 17067A   26190.73239147 -.00000346  00000-0  00000-0 0  9996
2 42984   0.0112  18.9046 0000885  95.5780 189.9933  1.00270590 31758
ALCOMSAT 1
1 43039U 17078A   26190.77781362 -.00000174  00000-0  00000-0 0  9994
2 43039   0.0315  88.8570 0002201  23.5107  70.5700  1.00271494 31527
SBIRS GEO-3 (USA 282)
1 43162U 18009A   26190.82247362  .00000139  00000-0  00000-0 0  9999
2 43162   2.1999  13.1224 0001805  96.8868 314.4402  1.00271737 31077
AL YAH 3
1 43174U 18012A   26190.77876697 -.00000145  00000-0  00000-0 0  9997
2 43174   1.6070  82.8363 0003577  25.8574  79.2689  1.00271400 31075
SES-14
1 43175U 18012B   26189.70402160 -.00000264  00000-0  00000-0 0  9991
2 43175   0.0135  29.5325 0000967  80.9525  22.1119  1.00269978  7249
GOES 17
1 43226U 18022A   26190.62242605 -.00000171  00000-0  00000-0 0  9995
2 43226   0.9913  85.3468 0000596  74.2750 262.5157  1.00271182 30643
HISPASAT 30W-6
1 43228U 18023A   26190.63421279 -.00000203  00000-0  00000-0 0  9991
2 43228   0.0416  46.4081 0005253  39.4942  39.9994  1.00270895 30638
SUPERBIRD-B3
1 43271U 18033A   26190.81479174 -.00000080  00000-0  00000-0 0  9990
2 43271   0.0164 310.5016 0001161 191.4667 241.1151  1.00270996 30281
HYLAS 4
1 43272U 18033B   26190.63351943 -.00000221  00000-0  00000-0 0  9991
2 43272   0.0123 317.0477 0000734 185.3572 339.7292  1.00270690 30294
IRNSS-1I
1 43286U 18035A   26187.83739038  .00000079  00000-0  00000-0 0  9991
2 43286  28.7973  73.8917 0018087 180.4002  27.0525  1.00279237 30279
USA 283
1 43339U 18036A   26188.52802153 -.00000302  00000-0  00000-0 0  9997
2 43339   0.0144 201.6353 0000938   5.6408  42.3965  1.00268378 25490
COSMOS 2526
1 43432U 18037A   26190.59425925 -.00000334  00000-0  00000-0 0  9995
2 43432   0.0315  92.7031 0001344 101.5058  75.2973  1.00247115 30187
APSTAR-6C
1 43450U 18041A   26190.80924505 -.00000305  00000-0  00000-0 0  9990
2 43450   0.0263 338.0319 0000499 315.6172  59.4350  1.00271071 30034
BANGABANDHUSAT-1
1 43463U 18044A   26190.80629837 -.00000350  00000-0  00000-0 0  9997
2 43463   0.0182  71.6729 0001697  47.0338 218.3863  1.00273025 29937
SES-12
1 43488U 18049A   26190.85580684 -.00000257  00000-0  00000-0 0  9996
2 43488   0.0110 359.2234 0000762 261.9960  69.6619  1.00272600 29643
FENGYUN 2H
1 43491U 18050A   26190.86968471 -.00000118  00000-0  00000-0 0  9993
2 43491   3.0859  78.8148 0002192 128.9002 112.3850  1.00267958 29661
BEIDOU-2 IGSO-7
1 43539U 18057A   26182.89122331 -.00000033  00000-0  00000-0 0  9990
2 43539  55.1981 162.9292 0104947 237.8611 308.6338  1.00246939 29274
TELSTAR 19V
1 43562U 18059A   26190.84154038 -.00000268  00000-0  00000-0 0  9991
2 43562   0.0364 172.7473 0002869 316.9529  38.0299  1.00270227 29379
TELKOM 4 (MERAH PUTIH)
1 43587U 18064A   26190.76016993 -.00000331  00000-0  00000-0 0  9993
2 43587   0.0179  55.8846 0001650  93.8853 159.5730  1.00269125 29108
TELSTAR 18V
1 43611U 18069A   26190.81002505 -.00000282  00000-0  00000-0 0  9991
2 43611   0.0129 316.9268 0001767 157.7185 242.7125  1.00269969 28868
AZERSPACE 2 (IS-38)
1 43632U 18074A   26190.79164002  .00000000  00000-0  00000-0 0  9995
2 43632   0.0257  35.8390 0001508  98.8931 123.0957  1.00271286 28671
HORIZONS-3E
1 43633U 18074B   26190.81617840 -.00000018  00000-0  00000-0 0  9992
2 43633   0.0363 213.3135 0000781  67.3154 109.9513  1.00272318 28566
AEHF-4 (USA 288)
1 43651U 18079A   26190.84067373 -.00000264  00000-0  00000-0 0  9993
2 43651   1.4378   5.7997 0058599 354.3894 162.5591  1.00278339 28522
BEIDOU-3 G1
1 43683U 18085A   26190.81435840 -.00000099  00000-0  00000-0 0  9996
2 43683   2.9221  96.7814 0008243 355.2443 288.8313  1.00273064 28286
GSAT-29
1 43698U 18089A   26190.70461516  .00000097  00000-0  00000-0 0  9990
2 43698   0.0572 256.0581 0003093 186.6979 153.6087  1.00274112 28013
ES'HAIL 2
1 43700U 18090A   26190.78785549  .00000156  00000-0  00000-0 0  9995
2 43700   0.0161 349.4100 0002089 163.6570  84.0928  1.00268076 27901
GEO-KOMPSAT-2A
1 43823U 18100A   26190.80811837 -.00000331  00000-0  00000-0 0  9992
2 43823   0.0256 133.4226 0002025 327.1108 246.3920  1.00272501 27853
GSAT-11
1 43824U 18100B   26190.76572230 -.00000065  00000-0  00000-0 0  9993
2 43824   0.0633 263.8012 0007740 192.8868 180.6819  1.00270977 27709
GSAT-7A
1 43864U 18105A   26190.79511830  .00000039  00000-0  00000-0 0  9994
2 43864   0.0704  92.6128 0001713  14.1659 169.9541  1.00269845 27676
COSMOS 2533
1 43867U 18107A   26190.86786470 -.00000026  00000-0  00000-0 0  9998
2 43867   0.0399 120.6828 0000306  72.6787 116.8595  1.00269044 27677
TJS-3
1 43874U 18110A   26190.73005961 -.00000206  00000-0  00000-0 0  9995
2 43874   2.5997  80.2214 0002466  87.1769 171.2884  1.00273194 27640
ZHONGXING-2D
1 43920U 19001A   26190.87971817 -.00000325  00000-0  00000-0 0  9996
2 43920   0.0615 245.4474 0000365 116.2023  12.8286  1.00273824 54307
HELLAS-SAT 4 & SGS-1
1 44034U 19007A   26190.57656909  .00000165  00000-0  00000-0 0  9999
2 44034   0.0661 129.3917 0005777  17.8080  26.8964  1.00272065 27593
GSAT-31
1 44035U 19007B   26190.72090263  .00000000  00000-0  00000-0 0  9990
2 44035   0.0162  47.4302 0000590 192.3314 355.3142  1.00271405 27196
NUSANTARA SATU
1 44048U 19009A   26190.62683590 -.00000222  00000-0  00000-0 0  9993
2 44048   0.0338 130.7710 0004709 357.9975 170.4586  1.00271835 26994
ZHONGXING-6C
1 44067U 19012A   26190.87980483 -.00000323  00000-0  00000-0 0  9998
2 44067   0.0771  72.9629 0014752 340.7295 321.2923  1.00273799 26965
WGS 10 (USA 291)
1 44071U 19014A   26190.79468498  .00000059  00000-0  00000-0 0  9998
2 44071   0.0192  42.4579 0000304 186.9938  44.6635  1.00269829 26847
TIANLIAN 2-01
1 44076U 19017A   26190.76572230 -.00000095  00000-0  00000-0 0  9994
2 44076   0.5951  83.0747 0001405  75.2253 122.0829  1.00271068 26878
ARABSAT-6A
1 44186U 19021A   26190.71743595  .00000166  00000-0  00000-0 0  9998
2 44186   0.0454   9.5273 0001207 271.8347 295.0573  1.00275682 26387
BEIDOU-3 IGSO-1
1 44204U 19023A   26189.48210734 -.00000209  00000-0  00000-0 0  9996
2 44204  58.7247  37.4318 0025583 224.0549 317.4664  1.00285216  7423
BEIDOU-2 G8
1 44231U 19027A   26190.88266485 -.00000236  00000-0  00000-0 0  9990
2 44231   1.7119  74.5132 0009819 283.6859  31.8804  1.00273683 26300
YAMAL 601
1 44307U 19031A   26190.86370468  .00000000  00000-0  00000-0 0  9992
2 44307   0.0250  49.6136 0002281  62.5058 175.6140  1.00272132 26151
AT&T T-16
1 44333U 19034A   26190.54892228 -.00000101  00000-0  00000-0 0  9995
2 44333   0.0137  65.4216 0001094 264.6613  54.1523  1.00264479 25859
EUTELSAT 7C
1 44334U 19034B   26190.78412881  .00000061  00000-0  00000-0 0  9999
2 44334   0.0755 180.1710 0003205 275.1682 121.6791  1.00270410  7061
BEIDOU-3 IGSO-2
1 44337U 19035A   26190.80638502 -.00000082  00000-0  00000-0 0  9990
2 44337  55.2507 158.6648 0039608 216.2821 321.9033  1.00259225 25894
COSMOS 2539
1 44457U 19048A   26190.85614552  .00000092  00000-0  00000-0 0  9991
2 44457   0.0331 101.3019 0000279  84.0585  62.6323  1.00267544 25453
EDRS-C
1 44475U 19049A   26190.81097838 -.00000250  00000-0  00000-0 0  9997
2 44475   0.0080  74.6841 0000885  43.0566 244.4379  1.00268574 25439
INTELSAT 39 (IS-39)
1 44476U 19049B   26190.79503163  .00000000  00000-0  00000-0 0  9990
2 44476   0.0252  33.4013 0000605 262.3959 340.0879  1.00269712 25351
AMOS-17
1 44479U 19050A   26190.78612214  .00000121  00000-0  00000-0 0  9996
2 44479   0.0182 342.2847 0001358 130.6794 114.7334  1.00271505 25414
AEHF-5 (USA 292)
1 44481U 19051A   26190.80109832 -.00000245  00000-0  00000-0 0  9998
2 44481   1.4361 337.9257 0064994 358.0585 333.1401  1.00276088 25486
EUTELSAT 5 WEST B
1 44624U 19067A   26190.78178880 -.00000030  00000-0  00000-0 0  9992
2 44624   0.0637 345.8887 0003058 124.5044  93.7597  1.00271310 24660
MEV-1
1 44625U 19067B   26167.92963140 -.00000149  00000-0  00000-0 0  9995
2 44625   0.8740 268.9828 0002795 179.8034 307.2103  1.00269616 61745
TJS-4
1 44637U 19070A   26190.58537852 -.00000157  00000-0  00000-0 0  9996
2 44637   0.0692  87.1620 0003371 320.6182 174.0203  1.00270106 24766
TIBA-1
1 44800U 19080A   26190.78973336  .00000168  00000-0  00000-0 0  9993
2 44800   0.0501   0.0684 0001909 119.6961 127.7690  1.00268148 24282
INMARSAT GX5
1 44801U 19080B   26190.78490881  .00000087  00000-0  00000-0 0  9993
2 44801   0.0389  25.7341 0002044  79.6341 115.9321  1.00271845  7019
JCSAT-18 (KACIFIC 1)
1 44868U 19091A   26190.74115345 -.00000188  00000-0  00000-0 0  9996
2 44868   0.0478 230.6356 0000413   2.8482 111.0017  1.00271633 24233
ELEKTRO-L 3
1 44903U 19095A   26190.86907803 -.00000085  00000-0  00000-0 0  9997
2 44903   0.3116  82.1842 0001312  18.1787 216.2981  1.00271577 23933
SHIJIAN-20 (SJ-20)
1 44910U 19097A   26190.79164002  .00000143  00000-0  00000-0 0  9999
2 44910   4.9730  74.7872 0015282  56.5678 126.2161  1.00266670 23926
TJS-5
1 44978U 20002A   26190.87529815 -.00000330  00000-0  00000-0 0  9996
2 44978   0.0491  72.9328 0007823 341.9464 295.5504  1.00271130 23932
GSAT-30
1 45026U 20005A   26190.79919167 -.00000152  00000-0  00000-0 0  9990
2 45026   0.0339  93.4788 0003192   0.2077 204.7589  1.00269580 23735
EUTELSAT KONNECT
1 45027U 20005B   26190.78412881  .00000061  00000-0  00000-0 0  9999
2 45027   0.0665  93.4693 0001994 144.8059 338.9471  1.00269343 24565
JCSAT-17
1 45245U 20013A   26190.80967838 -.00000303  00000-0  00000-0 0  9990
2 45245   5.3920 357.0694 0002900 125.3924 232.7863  1.00271419 23452
GEO-KOMPSAT-2B
1 45246U 20013B   26190.80811837 -.00000332  00000-0  00000-0 0  9990
2 45246   0.0474 233.9789 0000906   4.9839 107.9486  1.00269037 23500
BEIDOU-3 G2
1 45344U 20017A   26190.86985804 -.00000131  00000-0  00000-0 0  9992
2 45344   2.9069  47.6501 0002190  57.1776 216.1865  1.00270030 23485
AEHF-6 (USA 298)
1 45465U 20022B   26190.81002505 -.00000283  00000-0  00000-0 0  9993
2 45465   2.5007 301.4173 0042029  15.5131  40.1716  1.00273477 23243
BEIDOU-3 G3
1 45807U 20040A   26190.87590480 -.00000343  00000-0  00000-0 0  9990
2 45807   2.4993  67.4792 0001868 330.9416 315.2105  1.00266939 22295
APSTAR-6D
1 45863U 20045A   26190.80924505 -.00000306  00000-0  00000-0 0  9998
2 45863   0.0402  85.5251 0001469  34.1803 233.3843  1.00268826 22080
KOREASAT 116
1 45920U 20048A   26190.80577836 -.00000350  00000-0  00000-0 0  9995
2 45920   0.0058  17.9744 0000800  94.9461 221.1179  1.00269580 21869
EXPRESS 103
1 45985U 20053A   26190.85580685 -.00000268  00000-0  00000-0 0  9991
2 45985   0.0258 287.3748 0001262 200.4597 204.5460  1.00271072 21874
EXPRESS 80
1 45986U 20053B   26189.98082250  .00000000  00000-0  00000-0 0  9992
2 45986   0.0204  27.4740 0001803 174.3530 158.1653  1.00270025 21851
BSAT-4B
1 46112U 20056A   26190.80447836 -.00000338  00000-0  00000-0 0  9990
2 46112   0.0455 195.8587 0004171 293.3448 197.9779  1.00271116 21617
MEV-2
1 46113U 20056B   26190.78248213  .00000001  00000-0  00000-0 0  9992
2 46113   0.0500 258.4147 0000519 332.1315 337.8615  1.00271793 80940
GALAXY 30 (G-30)
1 46114U 20056C   26190.75796686  .00000000  00000-0  00000-0 0  9991
2 46114   0.0242  29.5071 0001954  87.1468 318.9045  1.00271684 21511
GAOFEN-13 01
1 46610U 20071A   26190.87746483 -.00000351  00000-0  00000-0 0  9992
2 46610   0.4536  86.2250 0045165 120.3773 155.3584  1.00268565 21146
TIANTONG-1 2
1 46916U 20082A   26190.87876483 -.00000343  00000-0  00000-0 0  9998
2 46916   0.7641 330.7952 0001370 138.1083 260.2097  1.00269454 20885
LUCAS (JDRS-1)
1 47202U 20089A   26190.80066500 -.00000223  00000-0  00000-0 0  9995
2 47202   0.0426 272.2721 0001703 187.4794 207.0216  1.00272299 20645
SXM-7
1 47240U 20096A   26190.66692169 -.00000193  00000-0  00000-0 0  9991
2 47240   0.0256  99.5778 0003484  23.0730 319.8841  1.00271634  7668
CMS-01
1 47256U 20099A   26190.79919167 -.00000152  00000-0  00000-0 0  9990
2 47256   0.0607  91.8991 0003383 176.7397  29.7948  1.00271742 20424
TURKSAT 5A
1 47306U 21001A   26190.71752262  .00000167  00000-0  00000-0 0  9998
2 47306   0.0148  67.9118 0000268 186.7290 322.2451  1.00271446 20192
TIANTONG-1 3
1 47321U 21003A   26190.87020471 -.00000142  00000-0  00000-0 0  9998
2 47321   1.7395 340.6554 0003209 136.4897 205.4812  1.00271501 20183
TJS-6
1 47613U 21010A   26190.81808509  .00000055  00000-0  00000-0 0  9992
2 47613   0.1952 262.3077 0003222 235.9988 262.4103  1.00271554 20038
SBIRS GEO-5 (USA 315)
1 48618U 21042A   26190.85580684 -.00000253  00000-0  00000-0 0  9999
2 48618   5.0760 329.2835 0001474 150.3569 210.0482  1.00270577 18997
FENGYUN 4B
1 48808U 21047A   26190.11364130 -.00000315  00000-0  00000-0 0  9999
2 48808   0.2044  79.5137 0005682 274.1360  78.9598  1.00265877 18782
SXM-8
1 48838U 21049A   26190.66692169 -.00000192  00000-0  00000-0 0  9993
2 48838   0.0161  37.5328 0005285 354.2090  50.8063  1.00270452 18813
TIANLIAN 1-05
1 49011U 21063A   26190.78603549  .00000119  00000-0  00000-0 0  9998
2 49011   1.6490  80.5118 0000867  84.2706  62.7554  1.00271687 18301
STAR ONE D2
1 49055U 21069A   26190.48367352  .00000000  00000-0  00000-0 0  9997
2 49055   0.0141  23.4255 0000163  14.2112 353.7867  1.00247248 18166
EUTELSAT QUANTUM
1 49056U 21069B   26190.86344468  .00000138  00000-0  00000-0 0  9995
2 49056   0.0263 306.2300 0002081 159.3632 180.7450  1.00268900 18157
ZHONGXING-2E
1 49062U 21071A   26190.58827921 -.00000278  00000-0  00000-0 0  9990
2 49062   0.0672 242.9971 0001448 259.9938  94.3686  1.00268374 18268
TJS-7
1 49115U 21077A   26190.83426036 -.00000111  00000-0  00000-0 0  9991
2 49115   0.3001 264.1905 0003084 111.5412 112.8833  1.00270046  9772
CHINASAT 9B
1 49125U 21080A   26190.87408480 -.00000300  00000-0  00000-0 0  9993
2 49125   0.0189  84.2225 0002133  59.7679 199.9087  1.00271089 17870
SHIJIAN-21 (SJ-21)
1 49330U 21094A   26190.72833583 -.00000340  00000-0  00000-0 0  9990
2 49330   5.1633  61.0393 0051651 168.8087  87.7584  1.00280775  5584
SES-17
1 49332U 21095A   26190.84076038 -.00000260  00000-0  00000-0 0  9991
2 49332   0.0214  41.1467 0000844  74.4210  47.7822  1.00268776 18081
SYRACUSE 4A
1 49333U 21095B   26190.22146021  .00000000  00000-0  00000-0 0  9995
2 49333   0.0250  37.9319 0001417  65.5678 308.9080  1.00270946 18166
QZS-1R (MICHIBIKI-1R)
1 49336U 21096A   26189.63484497 -.00000271  00000-0  00000-0 0  9995
2 49336  37.5026  79.2668 0755134 272.1320 296.0484  1.00247751 17222
ZHONGXING-1D
1 49505U 21114A   26190.87980483 -.00000324  00000-0  00000-0 0  9997
2 49505   0.0500 241.7839 0000341  25.2499 107.7093  1.00271420 17049
STPSAT-6
1 49817U 21118A   26190.61800603 -.00000033  00000-0  00000-0 0  9991
2 49817   0.3756  85.1619 0000917 240.8266  72.2929  1.00269973 16798
EXPRESS AMU-7
1 50001U 21123A   26190.74011345 -.00000230  00000-0  00000-0 0  9994
2 50001   0.0239 288.8725 0000203  58.3893 351.8561  1.00271623 16764
EXPRESS AMU-3
1 50002U 21123B   26189.91709294 -.00000308  00000-0  00000-0 0  9995
2 50002   0.0098 316.4015 0000206   3.4003  40.1989  1.00275114  7249
TIANLIAN 2-02
1 50005U 21124A   26190.74531347 -.00000002  00000-0  00000-0 0  9995
2 50005   0.8562  85.8041 0001355 160.4632 120.7050  1.00271270 16849
TURKSAT 5B
1 50212U 21126A   26190.86231801  .00000158  00000-0  00000-0 0  9993
2 50212   0.0690 340.0910 0002384  12.6910 287.4353  1.00270958 16528
INMARSAT 6-F1
1 50319U 21128A   26190.79927832 -.00000159  00000-0  00000-0 0  9993
2 50319   0.0125 317.5963 0000334 239.9928 101.6264  1.00270912 16485
SHIYAN-12 01 (SY-12 01)
1 50321U 21129A   26190.43457196  .00000160  00000-0  00000-0 0  9990
2 50321   3.7286  79.6114 0002639 286.3844 119.6935  1.00048363 16727
SHIYAN-12 02 (SY-12 02)
1 50322U 21129B   26190.72126468 -.00000344  00000-0  00000-0 0  9993
2 50322   3.7286  79.6088 0003053  68.9692 145.0125  1.00480147 16728
TJS-9
1 50574U 21135A   26190.88119149 -.00000286  00000-0  00000-0 0  9999
2 50574   0.0355 118.2781 0002528 309.3425 314.6264  1.00274983 16655
GOES 18
1 51850U 22021A   26190.75562685  .00000109  00000-0  00000-0 0  9998
2 51850   0.0049 166.3359 0000590  21.9556 234.4155  1.00271909  6817
ZHONGXING-6D
1 52255U 22038A   26190.85328815 -.00000341  00000-0  00000-0 0  9991
2 52255   0.0407 249.2050 0000487 266.4654 204.3326  1.00275401 15642
NILESAT 301
1 52817U 22061A   26190.56738237 -.00000044  00000-0  00000-0 0  9992
2 52817   0.0494 338.8219 0004095  83.3842  62.6037  1.00272704 14969
CMS-02 (GSAT-24)
1 52903U 22067A   26190.79919167 -.00000153  00000-0  00000-0 0  9993
2 52903   0.0212  77.3078 0000741 273.0108 308.1139  1.00272188 14831
MEASAT 3D
1 52904U 22067B   26190.85580684 -.00000229  00000-0  00000-0 0  9993
2 52904   0.0556 299.1440 0000620 245.3995 142.8204  1.00270071 14871
SES-22
1 52933U 22071A   26190.75519352  .00000117  00000-0  00000-0 0  9998
2 52933   0.0235 297.6936 0000873 160.7741 322.0844  1.00269410  7744
WFOV (USA 332)
1 52940U 22073A   26190.73508676 -.00000353  00000-0  00000-0 0  9996
2 52940   3.7654  78.2428 0001477 217.3781  15.9974  1.00270270 14599
TIANLIAN 2-03
1 53100U 22078A   26190.71353594  .00000084  00000-0  00000-0 0  9995
2 53100   0.7272  77.4153 0000956 355.4293 122.2817  1.00273816 14777
SBIRS GEO-6 (USA 336)
1 53355U 22092A   26190.81019838 -.00000277  00000-0  00000-0 0  9999
2 53355   3.2211 317.8433 0001742 151.4802 249.0988  1.00270918 14469
EUTELSAT KONNECT VHTS
1 53765U 22110A   26190.29975376  .00000030  00000-0  00000-0 0  9991
2 53765   0.0585  98.9257 0002818 343.3699 315.5545  1.00267904  7051
ZHONGXING-1E
1 53813U 22112A   26190.68795050 -.00000136  00000-0  00000-0 0  9997
2 53813   0.0433 120.3060 0000751 114.7488  21.6095  1.00269348 14078
SES-20
1 53960U 22123A   26190.54840228 -.00000088  00000-0  00000-0 0  9991
2 53960   0.0145  60.5004 0001875  34.6104 286.7033  1.00271629 13752
SES-21
1 53961U 22123B   26190.61419269  .00000000  00000-0  00000-0 0  9990
2 53961   0.0388  30.3604 0000987  78.8346 268.5390  1.00268199  7434
GALAXY 33 (G-33)
1 54026U 22128A   26190.61384602  .00000092  00000-0  00000-0 0  9991
2 54026   0.0144 359.5754 0001837 114.8732 261.0888  1.00270420 13969
GALAXY 34 (G-34)
1 54027U 22128B   26190.54328891  .00000072  00000-0  00000-0 0  9990
2 54027   0.0139  26.4956 0001430  90.6009 236.9722  1.00270076 14130
ANGOSAT 2
1 54033U 22131A   26190.00312809  .00000150  00000-0  00000-0 0  9991
2 54033   0.0246 117.9783 0000176 116.6819  76.4156  1.00272772 13697
EUTELSAT HOTBIRD 13F
1 54048U 22134A   26190.78525546  .00000099  00000-0  00000-0 0  9991
2 54048   0.0511 288.3425 0001954  67.3923 227.6800  1.00270946 13605
LDPE-2
1 54219U 22144A   26190.24697481  .00000069  00000-0  00000-0 0  9998
2 54219   5.6632  63.4648 0002397 108.5501  67.7212  1.00541881 12069
EUTELSAT HOTBIRD 13G
1 54225U 22146A   26190.78534213  .00000099  00000-0  00000-0 0  9992
2 54225   0.0535 218.5331 0002076 324.9980  39.9067  1.00270545  7696
ZHONGXING-19
1 54230U 22148A   26190.81505175 -.00000069  00000-0  00000-0 0  9997
2 54230   0.0290 273.8854 0002961 222.9919 247.4814  1.00270559 13605
GALAXY 31 (G-31)
1 54243U 22153A   26190.61618602  .00000000  00000-0  00000-0 0  9999
2 54243   0.0172  36.5492 0000965  84.7336 267.0933  1.00270133  7352
GALAXY 32 (G-32)
1 54244U 22153B   26190.55082897 -.00000161  00000-0  00000-0 0  9993
2 54244   0.0107  14.7486 0001539  32.7363 347.3033  1.00271523 13368
EUTELSAT 10B
1 54259U 22157A   26190.57067573  .00000081  00000-0  00000-0 0  9999
2 54259   0.0611  95.8495 0001939  19.2550  27.8360  1.00268864 13251
GALAXY 35 (G-35)
1 54741U 22170A   26190.55039561 -.00000149  00000-0  00000-0 0  9990
2 54741   0.0108 310.6874 0001967 162.1064 279.7328  1.00270796 13110
GALAXY 36 (G-36)
1 54742U 22170B   26190.55126229 -.00000172  00000-0  00000-0 0  9995
2 54742   0.0255 121.3936 0002456 337.3549 298.1958  1.00271742 12999
METEOSAT-12 (MTG-I1)
1 54743U 22170C   26190.85397883  .00000004  00000-0  00000-0 0  9998
2 54743   0.7193  18.7296 0003857  82.9238 133.3248  1.00266777 13209
SHIJIAN-23 (SJ-23)
1 55131U 23002A   26190.73005426 -.00000331  00000-0  00000-0 0  9995
2 55131   3.7721  78.0297 0003406 271.2321 334.1379  1.00079269 12738
APSTAR-6E
1 55239U 23005A   26190.88058484 -.00000306  00000-0  00000-0 0  9997
2 55239   0.0502 237.7448 0001850 345.7959 155.2949  1.00263461 18911
USA 342
1 55263U 23008A   26188.50607425  .00000000  00000-0  00000-0 0  9998
2 55263   0.0041 358.8692 0000194   5.7709 126.9344  1.00266819 12725
LDPE-3A
1 55264U 23008B   26190.81427174 -.00000251  00000-0  00000-0 0  9996
2 55264   2.4037  81.3858 0001527  76.9630 222.0322  0.99151374 12037
ELEKTRO-L 4
1 55506U 23016A   26190.74040289 -.00000046  00000-0  00000-0 0  9996
2 55506   0.1044 131.0997 0001209  46.5070 182.3946  1.00272246 12556
AMAZONAS NEXUS
1 55508U 23017A   26190.67543001 -.00000270  00000-0  00000-0 0  9990
2 55508   0.0345  40.6573 0004615  43.4687  25.6403  1.00269698  7277
ZHONGXING-26
1 55686U 23023A   26190.80751170 -.00000342  00000-0  00000-0 0  9997
2 55686   0.0630  70.3584 0002879  33.0860 240.0703  1.00265322 12453
LUCH-5X (OLYMP-K 2)
1 55841U 23031A   26190.69906028  .00000045  00000-0  00000-0 0  9999
2 55841   0.0321  92.7131 0000986 153.1595 355.3951  1.00272964 12168
GAOFEN-13 02
1 55912U 23036A   26190.74080678 -.00000207  00000-0  00000-0 0  9994
2 55912   1.0257   3.8348 0003722 338.4014   0.2929  1.00275650 12317
SES-18
1 55970U 23038A   26190.54840228 -.00000088  00000-0  00000-0 0  9990
2 55970   0.0517 265.6833 0000615 302.0697 174.0647  1.00271515 12322
SES-19
1 55971U 23038B   26190.75597352  .00000100  00000-0  00000-0 0  9995
2 55971   0.0279 299.4184 0001666 180.5490 304.9730  1.00272057 12317
INTELSAT 40E (IS-40E)
1 56174U 23052A   26189.26767767  .00000000  00000-0  00000-0 0  9999
2 56174   0.0205  50.4332 0002353  96.3576 144.7906  1.00268946 12031
VIASAT-3 F1
1 56370U 23060A   26190.55126229  .00000000  00000-0  00000-0 0  9992
2 56370   0.0175  16.9227 0001067  91.7964 288.2565  1.00269865 11659
ARCTURUS
1 56371U 23060B   26190.81066721 -.00000294  00000-0  00000-0 0  9998
2 56371   2.8313  79.6603 0000691 136.1437  96.5111  1.00596785 11683
GS-1
1 56372U 23060C   26190.80040500 -.00000213  00000-0  00000-0 0  9996
2 56372   2.7823  79.5663 0003496 281.3864 304.3032  1.00268262  7769
BEIDOU-3 G4
1 56564U 23066A   26190.88171150 -.00000268  00000-0  00000-0 0  9999
2 56564   0.4650 337.3069 0004861 187.6386 220.3087  1.00274501 11624
ARABSAT-7B (BADR-8)
1 56757U 23075A   26190.78785549  .00000157  00000-0  00000-0 0  9991
2 56757   0.0718  28.4774 0003509   2.4664 206.4063  1.00270832 11342
NVS-01 (IRNSS-1J)
1 56759U 23076A   26190.80837838 -.00000322  00000-0  00000-0 0  9991
2 56759   2.1154 243.3427 0003428   7.3611  97.5786  1.00267372 11346
NUSANTARA TIGA (SATRIA)
1 57045U 23086A   26190.81167171 -.00000221  00000-0  00000-0 0  9996
2 57045   0.0338   6.9113 0002684 341.6687  17.3750  1.00275977  9989
H2SAT (HEINRICH HERTZ)
1 57213U 23093A   26190.56885572  .00000014  00000-0  00000-0 0  9994
2 57213   0.0179 101.9074 0000691  27.2179   3.8692  1.00269372 11148
SYRACUSE 4B
1 57214U 23093B   26190.63889279  .00000000  00000-0  00000-0 0  9996
2 57214   0.0276  42.6208 0000539 189.0266 279.4654  1.00270231  7197
JUPITER 3 (ECHOSTAR 24)
1 57479U 23108A   26190.46621164  .00000000  00000-0  00000-0 0  9994
2 57479   0.0218  38.7404 0001278  67.0113 254.2624  1.00271882 10866
GALAXY 37 (G-37)
1 57493U 23112A   26190.61497269  .00000061  00000-0  00000-0 0  9996
2 57493   0.0156  47.3468 0001816  65.5182 269.0780  1.00270173 10764
LUDI TANCE-4 01A
1 57624U 23120A   26189.01813208 -.00000151  00000-0  00000-0 0  9999
2 57624  15.0911 193.4584 0001670  26.4984 161.9389  1.00265090 10757
TJS-10
1 58204U 23169A   26190.71611884 -.00000237  00000-0  00000-0 0  9997
2 58204   2.5993  80.2231 0004521 109.9629  87.6051  1.00266472  9760
ZHONGXING-6E
1 58253U 23172A   26190.87685816  .00000000  00000-0  00000-0 0  9995
2 58253   0.0263  51.8218 0002121  59.7802 247.3425  1.00264915  9888
YAOGAN-41
1 58582U 23197A   26190.87841816 -.00000347  00000-0  00000-0 0  9996
2 58582   3.0890 313.4799 0014315 198.2638 215.4860  1.00268620  9557
OVZON-3
1 58698U 24003A   26190.22423355  .00000065  00000-0  00000-0 0  9990
2 58698   0.0177  79.7702 0000194 170.2448 177.5649  1.00271937  7663
INSAT-3DS
1 58990U 24033A   26190.10669520 -.00000142  00000-0  00000-0 0  9998
2 58990   0.0132 323.9347 0001126 158.0673 285.5291  1.00271624 47286
MERAH PUTIH 2
1 58995U 24035A   26190.30605299 -.00000344  00000-0  00000-0 0  9994
2 58995   0.0189  53.7629 0001013  64.3498  32.2607  1.00269656  8819
TJS-11
1 59020U 24037A   26189.37924992 -.00000347  00000-0  00000-0 0  9998
2 59020   4.1725 327.3277 0002882 135.6071  72.4685  1.00265296  8798
HULIANWAN GAOGUI-01 (HG-01)
1 59069U 24040A   26190.78938669  .00000168  00000-0  00000-0 0  9998
2 59069   0.0730 331.1042 0001724  75.2469 199.1848  1.00267440  7553
EUTELSAT 36D
1 59346U 24059A   26190.78982001  .00000000  00000-0  00000-0 0  9990
2 59346   0.0264  46.0249 0000311 183.2838  18.6148  1.00271506  8372
PAKSAT-MM1
1 59915U 24104A   26190.71899595  .00000166  00000-0  00000-0 0  9994
2 59915   0.0393 183.8259 0001995 268.8454 131.9949  1.00269633  7758
ASTRA 1P (SES-24)
1 60086U 24115A   26190.71526926  .00000132  00000-0  00000-0 0  9995
2 60086   0.0640 334.7647 0000674 228.1742   1.4161  1.00267948  7422
GOES 19
1 60133U 24119A   26190.55394897 -.00000235  00000-0  00000-0 0  9999
2 60133   0.0195 203.5869 0000544 356.4594 211.6712  1.00270798  7182
ZHONGXING-3A
1 60179U 24122A   26190.87408480 -.00000302  00000-0  00000-0 0  9997
2 60179   0.0317 128.8607 0001403  33.0392 182.1473  1.00273502  7537
TURKSAT 6A
1 60233U 24127A   26190.28864119  .00000160  00000-0  00000-0 0  9994
2 60233   0.0631 228.1649 0002746 293.1336 271.8373  1.00271523  7238
HULIANWAN GAOGUI-02 (HG-02)
1 60327U 24135A   26190.81279840 -.00000161  00000-0  00000-0 0  9999
2 60327   0.0463 352.7782 0006630  16.0413   4.5594  1.00273700  7720
ZHONGXING-4A
1 60606U 24151A   26190.62639670 -.00000348  00000-0  00000-0 0  9994
2 60606   1.2591 270.5507 0000265 288.4528  72.2879  1.00270405  6970
HULIANWAN GAOGUI-03 (HG-03)
1 61503U 24181A   26190.83876705 -.00000229  00000-0  00000-0 0  9997
2 61503   0.0497 355.7771 0001031  98.7565  58.0724  1.00274411  7055
DSN-3 (KIRAMEKI-3)
1 61733U 24198A   26190.66865464 -.00000238  00000-0  00000-0 0  9991
2 61733   0.0201 295.1807 0000924 218.0654 159.1083  1.00268824  6147
KOREASAT 6A
1 61910U 24206A   26190.66310795  .00000000  00000-0  00000-0 0  9996
2 61910   0.0141  41.6088 0000537  55.3899 185.3314  1.00268655  6066
OPTUS-X (ADS-01)
1 62006U 24212A   26190.68586662 -.00000131  00000-0  00000-0 0  9996
2 62006   0.0063  56.2984 0002347  96.3878 178.2500  1.00270496  5980
GSAT-N2 (GSAT-20)
1 62028U 24214A   26190.22579356 -.00000005  00000-0  00000-0 0  9994
2 62028   0.0528 259.9649 0002374 155.6388  20.8011  1.00270807  6116
SXM-9
1 62259U 24234A   26190.66692169 -.00000192  00000-0  00000-0 0  9995
2 62259   0.0155 338.6665 0004968 337.5167 126.3560  1.00270279  5807
TJS-12
1 62374U 24246A   26190.74046012 -.00000218  00000-0  00000-0 0  9994
2 62374   0.6240 301.4024 0001824  98.9335 300.4613  1.00270478  5799
NUVIEW ALPHA
1 62455U 24252B   26190.55238897 -.00000203  00000-0  00000-0 0  9998
2 62455   0.0418  20.4940 0000863  55.2130 327.5438  1.00273512  4040
AGILA
1 62456U 24252C   26190.59893926 -.00000169  00000-0  00000-0 0  9994
2 62456   0.0608 122.0875 0001160  27.1527 146.0590  1.00270782  5384
NUVIEW BRAVO
1 62457U 24252D   26189.48306999 -.00000200  00000-0  00000-0 0  9996
2 62457   0.0687 162.0013 0001543 345.9598 229.2797  1.00272089  4007
THURAYA-4
1 62483U 25001A   26190.72020928  .00000152  00000-0  00000-0 0  9997
2 62483   0.0169  67.1120 0000188 189.1774 334.9420  1.00272115  4404
SHIJIAN-25 (SJ-25)
1 62485U 25002A   26190.59408590 -.00000342  00000-0  00000-0 0  9992
2 62485   5.1633  61.0172 0052215 175.1404  32.5245  1.00266132  5589
TJS-14
1 62804U 25017A   26190.85766279  .00000129  00000-0  00000-0 0  9995
2 62804   0.7338 297.2239 0001742 293.2466  24.4774  1.00273703  5492
SPAINSAT NG I
1 62852U 25021A   26190.28794834  .00000165  00000-0  00000-0 0  9998
2 62852   0.0162  22.9616 0000153 215.7107 181.1973  1.00270264  4200
QZS-6 (MICHIBIKI-6)
1 62876U 25023A   26190.65808550 -.00000220  00000-0  00000-0 0  9991
2 62876   0.0250 308.9384 0001836 179.5973 126.4649  1.00268684  5172
ZHONGXING-10R
1 63075U 25036A   26190.73239147 -.00000339  00000-0  00000-0 0  9997
2 63075   0.0457 226.5108 0004165 287.3993 147.8825  1.00266474  5189
TJS-15
1 63157U 25045A   26190.71851236 -.00000252  00000-0  00000-0 0  9999
2 63157   0.3057  85.6422 0003426 296.7568 258.2916  1.00271387  4987
TIANLIAN 2-04
1 63361U 25062A   26190.86994471 -.00000118  00000-0  00000-0 0  9991
2 63361   4.3192 274.1126 0031501   9.3360  37.5665  1.00270048  4833
TJS-16
1 63397U 25064A   26190.72848889 -.00000094  00000-0  00000-0 0  9991
2 63397   1.1532  81.3206 0002559 292.1918 337.0309  1.00271007  4619
TJS-17
1 63524U 25073A   26190.72794053 -.00000058  00000-0  00000-0 0  9996
2 63524   1.1191  82.5040 0001089 306.6073 325.1263  1.00270466  4515
TIANLIAN 2-05
1 63662U 25084A   26190.85800946  .00000141  00000-0  00000-0 0  9996
2 63662   4.3965 279.5726 0002738 152.7704 184.7122  1.00269704  4600
TJS-19
1 63924U 25097A   26190.72970124 -.00000261  00000-0  00000-0 0  9997
2 63924   3.2501 317.7916 0003867 243.8122 129.9952  1.00268429  4370
CHINASAT 3B
1 64062U 25106A   26190.88708486 -.00000033  00000-0  00000-0 0  9996
2 64062   0.0383 181.1469 0003781 320.1784 273.1518  1.00272125  4289
SXM-10
1 64290U 25122A   26190.64805382 -.00000004  00000-0  00000-0 0  9992
2 64290   0.0177  38.0642 0001850 321.4700  45.1931  1.00269524  3906
COSMOS 2589
1 64467U 25131A   26190.65938551 -.00000278  00000-0  00000-0 0  9997
2 64467   0.0519 100.8521 0001362 120.4538  41.6337  1.00268574  3781
CHINASAT 9C
1 64470U 25132A   26190.67837595 -.00000235  00000-0  00000-0 0  9993
2 64470   0.0333 246.1715 0002947 225.4382 152.4350  1.00270843  4375
MTG-S1
1 64723U 25143A   26190.71136926  .00000005  00000-0  00000-0 0  9995
2 64723   0.5877 343.7510 0003402 262.1247 297.4247  1.00272641  3648
DROR 1
1 64784U 25148A   26190.63932615 -.00000022  00000-0  00000-0 0  9997
2 64784   0.0539 267.0847 0002132 129.6874 116.9535  1.00271268  3524
SHIYAN-29
1 65486U 25196A   26189.87644994 -.00000274  00000-0  00000-0 0  9993
2 65486  28.8440  18.2619 0013552 176.8148 142.4919  1.00278544  3098
NUSANTARA LIMA (NUSANTARA 5)
1 65588U 25205A   26190.73239147 -.00000345  00000-0  00000-0 0  9993
2 65588   0.0010 150.4237 0000673  34.0010 119.7554  1.00267988  2949
TJS-20
1 66142U 25238A   26190.71017007  .00000042  00000-0  00000-0 0  9996
2 66142   5.4212 299.4573 0004405 178.6179 127.6389  1.00273439  2553
CMS-03 (GSAT-7R)
1 66311U 25249B   26190.69350263 -.00000064  00000-0  00000-0 0  9992
2 66311   0.0429 258.8642 0001571 178.8059 173.5923  1.00271218  2577
VIASAT-3 F2
1 66454U 25261A   26190.02647689 -.00000219  00000-0  00000-0 0  9994
2 66454   0.0039 233.2143 0000843 346.9879 357.3322  1.00270980  3014
SHIJIAN-28 (SJ-28)
1 66549U 25277A   26190.66328130 -.00000342  00000-0  00000-0 0  9990
2 66549   4.4828 271.7753 0001074  26.6893 344.7734  1.00270039  2383
TJS-22
1 66990U 25290A   26190.81493686  .00000006  00000-0  00000-0 0  9997
2 66990   1.4744 286.8551 0002263 318.0128  42.8074  1.00274780  2256
TJS-23
1 67226U 25306A   26190.54052051  .00000035  00000-0  00000-0 0  9997
2 67226   5.5376 297.3710 0004886 190.2855 169.9087  1.00274138  2116
FENGYUN 4C
1 67246U 25312A   26190.23870696 -.00000309  00000-0  00000-0 0  9990
2 67246   0.0413 187.4608 0000535  18.2855 300.3735  1.00271510  2001
SHIJIAN-29A (SJ-29A)
1 67302U 25315A   26190.69350263 -.00000057  00000-0  00000-0 0  9999
2 67302   3.4520  94.5756 0003329  32.6102 123.2189  1.00270625  1843
SHIJIAN-29B (SJ-29B)
1 67403U 25315C   26190.65461882 -.00000058  00000-0  00000-0 0  9998
2 67403   3.4509  94.5701 0004791  50.6332  91.2356  1.00271964  1916
ELEKTRO-L 5
1 67756U 26028A   26189.99168034 -.00000083  00000-0  00000-0 0  9997
2 67756   0.2156 321.5664 0001934 177.5080 220.9428  1.00271950  1473
JAM-E JAM 1
1 67757U 26028B   26190.71812927  .00000168  00000-0  00000-0 0  9990
2 67757   0.2169 310.1568 0001606 325.5796 304.4475  1.00271184  1345
ECHOSTAR 25
1 68126U 26045A   26190.65229306 -.00000044  00000-0  00000-0 0  9990
2 68126   0.0170  34.8595 0001443  73.0161 304.5349  1.00270527  1213
TJS-24
1 69235U 26116A   26190.80057832 -.00000219  00000-0  00000-0 0  9995
2 69235   0.0635  97.0200 0000265 119.7302  89.4972  1.00271408   456
