NOAA 1                  
1 04793U 70106A   25306.39389086 -.00000028  00000+0  89207-4 0  9999
2 04793 101.3730 345.7035 0031862  71.9229 300.5442 12.54046248512267
NOAA 2 (ITOS-D)         
1 06235U 72082A   25306.50980632 -.00000013  00000+0  21101-3 0  9996
2 06235 102.0221 317.4988 0003862 241.7555 272.5857 12.53206700426558
NOAA 3                  
1 06920U 73086A   25306.50248502 -.00000014  00000+0  24009-3 0  9996
2 06920 102.2928 313.2596 0006407 180.3387 333.4764 12.40387489353792
NOAA 4                  
1 07529U 74089A   25306.48863403 -.00000013  00000+0  21161-3 0  9991
2 07529 102.0084 311.8794 0008795 269.6641 245.4509 12.53197996331127
NOAA 5                  
1 09057U 76077A   25306.49145522 -.00000015  00000+0  23653-3 0  9994
2 09057 102.2784 286.4458 0010142  34.6237 130.7811 12.37823649226429
TIROS N                 
1 11060U 78096A   25306.49391742  .00000228  00000+0  12841-3 0  9993
2 11060  98.4758 332.6041 0010583 173.1947 186.9375 14.19263381646596
NOAA 6                  
1 11416U 79057A   25306.33404487  .00000410  00000+0  15833-3 0  9997
2 11416  98.5891 332.1936 0009364 204.6505 155.4234 14.35304951418413
NOAA 7                  
1 12553U 81059A   25306.41722042  .00000088  00000+0  65140-4 0  9992
2 12553  98.8278  10.3953 0011242 191.8683 168.2229 14.17739241292616
NOAA 8                  
1 13923U 83022A   25306.46560529  .00000209  00000+0  99017-4 0  9996
2 13923  98.7391 313.8668 0014422 197.7822 162.2857 14.29698830218676
NOAA 9                  
1 15427U 84123A   25306.48913902  .00000169  00000+0  10732-3 0  9990
2 15427  99.1189 322.6655 0013655 272.2014 211.2983 14.16981384111313
NOAA 10                 
1 16969U 86073A   25306.47945851  .00000220  00000+0  10423-3 0  9990
2 16969  98.6887 295.2449 0011147 302.6964 169.8272 14.29074032 37038
NOAA 11                 
1 19531U 88089A   25306.43725042  .00000083  00000+0  63791-4 0  9995
2 19531  98.5904 254.9017 0010179 225.1487 134.8861 14.15782891915395
NOAA 12                 
1 21263U 91032A   25305.55194858  .00000183  00000+0  93832-4 0  9999
2 21263  98.6023 292.6799 0013230 338.1310  21.9305 14.26661976792507
NOAA 13                 
1 22739U 93050A   25305.60776510  .00000173  00000+0  11428-3 0  9996
2 22739  98.6744 252.0585 0010483  61.7041 298.5188 14.13579922661226
NOAA 14                 
1 23455U 94089A   25305.59118064  .00000102  00000+0  74378-4 0  9993
2 23455  98.4834 281.0491 0009946  24.0681 336.0956 14.14618682591021
NOAA 15                 
1 25338U 98030A   25305.60210165  .00000210  00000+0  10393-3 0  9998
2 25338  98.5266 327.1903 0009204 297.4794  62.5451 14.27045255428834
NOAA 16                 
1 26536U 00055A   25305.57970932  .00000143  00000+0  97400-4 0  9990
2 26536  98.4791 326.7337 0009499 231.0005 129.0323 14.13850914591567
NOAA 17                 
1 27453U 02032A   25305.63623543  .00000314  00000+0  15030-3 0  9994
2 27453  98.8330 264.0821 0010677 294.0740  65.9322 14.26095231214551
NOAA 18                 
1 28654U 05018A   25305.57810095  .00000157  00000+0  10627-3 0  9990
2 28654  98.8329  23.3557 0015221  79.1869 281.1016 14.13659654 54150
NOAA 19                 
1 33591U 09005A   25306.45737039  .00000057  00000+0  54236-4 0  9994
2 33591  98.9818  11.8693 0012983 314.5498  45.4613 14.13422862862452
SUOMI NPP               
1 37849U 11061A   25306.51672486  .00000118  00000+0  76744-4 0  9996
2 37849  98.7704 244.2327 0000257 260.4425  99.6722 14.19537477726287
NOAA 20 (JPSS-1)        
1 43013U 17073A   25306.39039804  .00000106  00000+0  71290-4 0  9990
2 43013  98.7531 243.1416 0001062 144.5261 215.5985 14.19509023412296
NOAA 21 (JPSS-2)        
1 54234U 22150A   25305.57980205  .00000145  00000+0  89323-4 0  9997
2 54234  98.7392 242.4149 0002577 103.8514 256.2949 14.19579482154251
